#
#  specorder:  Si  O
#  energy:  -39.2038065
#  stress:  4.4752155  -1.9076178  8.2975494  8.2856525  -0.8670795  -5.4114218
#  auxiliary_data: fx fy fz
#
   1.000  
   5.70603848000000e+00  -4.61707620000000e-01  -1.70625640000000e-01  0.0  0.0  0.0
  -0.00000000000000e+00   5.28127057000000e+00   6.10308390000000e-01  0.0  0.0  0.0
  -0.00000000000000e+00  -0.00000000000000e+00   5.72335065000000e+00  0.0  0.0  0.0
          8
  1.10000000000001   0.03835753   0.25452844   0.98966226 0.0 0.0 0.0     1.3233206    1.0126590    0.0984293
  1.10000000000002   0.58755860   0.77710199   0.01681630 0.0 0.0 0.0    -0.0176795   -2.5226090    1.0211471
  1.10000000000003   0.50935390   0.21128858   0.41866939 0.0 0.0 0.0     0.5896820    0.5860631    1.4544060
  1.10000000000004   0.03713452   0.77815405   0.62129954 0.0 0.0 0.0     3.0951512    2.3605406   -2.1137204
  1.10000000000005   0.23220239   0.52252236   0.28445023 0.0 0.0 0.0     1.0487955    0.3205248   -0.6464388
  1.10000000000006   0.85296402   0.98530389   0.26827336 0.0 0.0 0.0    -1.1073919   -0.4035356    1.2531017
  1.10000000000007   0.78298043   0.48621900   0.72889956 0.0 0.0 0.0    -3.1588545   -2.2149706    0.9484733
  1.10000000000008   0.37431083   0.06382295   0.82632870 0.0 0.0 0.0    -1.7596700    0.8597158   -1.9992927
