!
!  specorder:  Si  O  
!
   1.000  
   5.70603848000000e+00  -4.61707620000000e-01  -1.70625640000000e-01  0.0  0.0  0.0
  -0.00000000000000e+00   5.28127057000000e+00   6.10308390000000e-01  0.0  0.0  0.0
  -0.00000000000000e+00  -0.00000000000000e+00   5.72335065000000e+00  0.0  0.0  0.0
          8
  1.10000000000001   0.03835753   0.25452844   0.98966226 0.0 0.0 0.0  0.0 0.0  0.0 0.0 0.0 0.0 0.0 0.0
  1.10000000000002   0.58755860   0.77710199   0.01681630 0.0 0.0 0.0  0.0 0.0  0.0 0.0 0.0 0.0 0.0 0.0
  1.10000000000003   0.50935390   0.21128858   0.41866939 0.0 0.0 0.0  0.0 0.0  0.0 0.0 0.0 0.0 0.0 0.0
  1.10000000000004   0.03713452   0.77815405   0.62129954 0.0 0.0 0.0  0.0 0.0  0.0 0.0 0.0 0.0 0.0 0.0
  1.10000000000005   0.23220239   0.52252236   0.28445023 0.0 0.0 0.0  0.0 0.0  0.0 0.0 0.0 0.0 0.0 0.0
  1.10000000000006   0.85296402   0.98530389   0.26827336 0.0 0.0 0.0  0.0 0.0  0.0 0.0 0.0 0.0 0.0 0.0
  1.10000000000007   0.78298043   0.48621900   0.72889956 0.0 0.0 0.0  0.0 0.0  0.0 0.0 0.0 0.0 0.0 0.0
  1.10000000000008   0.37431083   0.06382295   0.82632870 0.0 0.0 0.0  0.0 0.0  0.0 0.0 0.0 0.0 0.0 0.0
