!
!  specorder:  Si 
!
   1.000  
   3.95077671000000e+00   0.00000000000000e+00   0.00000000000000e+00
   0.00000000000000e+00   3.95077671000000e+00   0.00000000000000e+00
   0.00000000000000e+00   0.00000000000000e+00   3.95077671000000e+00
 0.00000000 0.00000000 0.00000000
 0.00000000 0.00000000 0.00000000
 0.00000000 0.00000000 0.00000000
          4
  1.10000000000001   0.00000000   0.00000000   0.00000000 0.0 0.0 0.0  0.0 0.0  0.0 0.0 0.0 0.0 0.0 0.0
  1.10000000000002   0.50000000   0.50000000   0.00000000 0.0 0.0 0.0  0.0 0.0  0.0 0.0 0.0 0.0 0.0 0.0
  1.10000000000003   0.50000000   0.00000000   0.50000000 0.0 0.0 0.0  0.0 0.0  0.0 0.0 0.0 0.0 0.0 0.0
  1.10000000000004   0.00000000   0.50000000   0.50000000 0.0 0.0 0.0  0.0 0.0  0.0 0.0 0.0 0.0 0.0 0.0
