!
!  specorder:  Si 
!
   1.000  
   5.46906415000000e+00   0.00000000000000e+00   0.00000000000000e+00
   0.00000000000000e+00   5.46906415000000e+00   0.00000000000000e+00
   0.00000000000000e+00   0.00000000000000e+00   5.46906415000000e+00
 0.00000000 0.00000000 0.00000000
 0.00000000 0.00000000 0.00000000
 0.00000000 0.00000000 0.00000000
          8
  1.10000000000001   0.15215353   0.01899626   0.08018746 0.0 0.0 0.0  0.0 0.0  0.0 0.0 0.0 0.0 0.0 0.0
  1.10000000000002   0.39816167   0.24049089   0.35432692 0.0 0.0 0.0  0.0 0.0  0.0 0.0 0.0 0.0 0.0 0.0
  1.10000000000003   0.65073778   0.49969893   0.10008936 0.0 0.0 0.0  0.0 0.0  0.0 0.0 0.0 0.0 0.0 0.0
  1.10000000000004   0.90331199   0.76708508   0.33436006 0.0 0.0 0.0  0.0 0.0  0.0 0.0 0.0 0.0 0.0 0.0
  1.10000000000005   0.64616410   0.00808402   0.60493392 0.0 0.0 0.0  0.0 0.0  0.0 0.0 0.0 0.0 0.0 0.0
  1.10000000000006   0.89777757   0.26972910   0.82488646 0.0 0.0 0.0  0.0 0.0  0.0 0.0 0.0 0.0 0.0 0.0
  1.10000000000007   0.14658258   0.49829003   0.58308930 0.0 0.0 0.0  0.0 0.0  0.0 0.0 0.0 0.0 0.0 0.0
  1.10000000000008   0.38824209   0.73461992   0.84623054 0.0 0.0 0.0  0.0 0.0  0.0 0.0 0.0 0.0 0.0 0.0
