!
!  specorder:  Si 
!
   1.000  
   5.46906415000000e+00   0.00000000000000e+00   0.00000000000000e+00
   0.00000000000000e+00   5.46906415000000e+00   0.00000000000000e+00
   0.00000000000000e+00   0.00000000000000e+00   5.46906415000000e+00
 0.00000000 0.00000000 0.00000000
 0.00000000 0.00000000 0.00000000
 0.00000000 0.00000000 0.00000000
          8
  1.10000000000001   0.15907980   0.00400892   0.09493703 0.0 0.0 0.0  0.0 0.0  0.0 0.0 0.0 0.0 0.0 0.0
  1.10000000000002   0.40763153   0.27867315   0.34316810 0.0 0.0 0.0  0.0 0.0  0.0 0.0 0.0 0.0 0.0 0.0
  1.10000000000003   0.63898563   0.50597710   0.08347887 0.0 0.0 0.0  0.0 0.0  0.0 0.0 0.0 0.0 0.0 0.0
  1.10000000000004   0.88808689   0.75180340   0.34574910 0.0 0.0 0.0  0.0 0.0  0.0 0.0 0.0 0.0 0.0 0.0
  1.10000000000005   0.63901330   0.00640033   0.59175411 0.0 0.0 0.0  0.0 0.0  0.0 0.0 0.0 0.0 0.0 0.0
  1.10000000000006   0.90008600   0.23469403   0.83809130 0.0 0.0 0.0  0.0 0.0  0.0 0.0 0.0 0.0 0.0 0.0
  1.10000000000007   0.14400293   0.50197134   0.58709576 0.0 0.0 0.0  0.0 0.0  0.0 0.0 0.0 0.0 0.0 0.0
  1.10000000000008   0.40624538   0.75346597   0.84382984 0.0 0.0 0.0  0.0 0.0  0.0 0.0 0.0 0.0 0.0 0.0
