#
#  specorder:  Li  Ge  P   S  
#  potential_energy:  -8.648527e+02
#  stress:   -3.198e+03  -3.413e+03   3.947e+03   5.152e+02  -8.084e+02   1.976e+03
#  auxiliary_data: fx fy fz
#
     1.000000000
  17.674944794943674   0.000000000000000   0.000000000000000     0.0000     0.0000     0.0000
  -0.000000000000000  17.688053861012499   0.000000000000000     0.0000     0.0000     0.0000
   0.000000000000000   0.000000000000000  12.698561605391657     0.0000     0.0000     0.0000
        200
   1.10000000000001    1.22271886899352e-01    1.30710701444433e-01    3.08300914234317e-01  0.000e+00  0.000e+00  0.000e+00   9.473e-04   1.961e-03   1.480e-03
   1.10000000000002    3.73644381204044e-01    3.68966432042808e-01    3.05806189872661e-01  0.000e+00  0.000e+00  0.000e+00  -6.643e-04  -1.995e-03   2.400e-03
   1.10000000000003    1.31937387484840e-01    3.76434695732179e-01    8.10061294897962e-01  0.000e+00  0.000e+00  0.000e+00   2.004e-03  -7.112e-04   1.614e-03
   1.10000000000004    3.66401045688428e-01    1.19342639264406e-01    8.11412047010576e-01  0.000e+00  0.000e+00  0.000e+00  -1.639e-03   8.106e-04   1.453e-03
   1.10000000000005    1.20747866060146e-01    3.67225662243245e-01    3.09181497683751e-01  0.000e+00  0.000e+00  0.000e+00   8.586e-04  -1.778e-03   1.570e-03
   1.10000000000006    3.76100438509035e-01    1.30050292668334e-01    3.09663459875272e-01  0.000e+00  0.000e+00  0.000e+00  -5.852e-04   2.312e-03   1.574e-03
   1.10000000000007    1.32533325952358e-01    1.19951682913475e-01    8.10531463561142e-01  0.000e+00  0.000e+00  0.000e+00   1.943e-03   6.328e-04   1.450e-03
   1.10000000000008    3.70471503126276e-01    3.74421860094941e-01    8.06654537677964e-01  0.000e+00  0.000e+00  0.000e+00  -1.845e-03  -6.158e-04   1.815e-03
   1.10000000000009    9.98347188667340e-01    9.93435423875188e-05    9.29659465800340e-01  0.000e+00  0.000e+00  0.000e+00   5.084e-06  -1.185e-05   3.286e-04
   1.10000000000010    9.99946337294394e-01    4.54383816033822e-04    4.29689342738803e-01  0.000e+00  0.000e+00  0.000e+00  -4.519e-06  -2.371e-05   2.013e-04
   1.10000000000011    2.49852992430169e-01    2.48799128486196e-01    5.59253831324240e-01  0.000e+00  0.000e+00  0.000e+00   1.921e-05   1.580e-05   4.969e-04
   1.10000000000012    2.50660192496598e-01    2.50471035148423e-01    5.92852807331486e-02  0.000e+00  0.000e+00  0.000e+00  -3.389e-06   6.548e-05   5.150e-04
   1.10000000000013    1.25029020226321e-01    3.54291245914779e-01    6.33438269527724e-02  0.000e+00  0.000e+00  0.000e+00  -9.027e-04  -2.365e-03  -1.501e-03
   1.10000000000014    3.78172383816006e-01    1.48628663998690e-01    6.49288771617537e-02  0.000e+00  0.000e+00  0.000e+00   8.027e-04   2.088e-03  -1.583e-03
   1.10000000000015    1.45861447413090e-01    1.25149156426568e-01    5.61824820502499e-01  0.000e+00  0.000e+00  0.000e+00   2.668e-03  -7.925e-04  -1.498e-03
   1.10000000000016    3.50324263959506e-01    3.75131376190288e-01    5.60247632645744e-01  0.000e+00  0.000e+00  0.000e+00  -2.159e-03   1.039e-03  -1.548e-03
   1.10000000000017    1.47797258908998e-01    3.76097717920785e-01    5.63965739013935e-01  0.000e+00  0.000e+00  0.000e+00   2.437e-03   9.703e-04  -1.596e-03
   1.10000000000018    3.54167643422054e-01    1.23800116277101e-01    5.63661465982747e-01  0.000e+00  0.000e+00  0.000e+00  -2.401e-03  -1.068e-03  -1.245e-03
   1.10000000000019    1.26167234455750e-01    1.45393789899697e-01    6.23586742187181e-02  0.000e+00  0.000e+00  0.000e+00  -8.004e-04   2.350e-03  -1.540e-03
   1.10000000000020    3.77982022428751e-01    3.53365544724350e-01    5.99079790295341e-02  0.000e+00  0.000e+00  0.000e+00   8.671e-04  -2.354e-03  -1.095e-03
   2.10000000000021    2.50553431955972e-01    2.48709380626880e-01    8.09086363221803e-01  0.000e+00  0.000e+00  0.000e+00  -7.852e-05  -2.162e-04  -2.706e-03
   2.10000000000022    2.49788032312857e-01    2.49170537866259e-01    3.08791525013287e-01  0.000e+00  0.000e+00  0.000e+00  -1.525e-04   2.224e-04  -2.989e-03
   3.10000000000023    4.85223832793788e-04    3.83262870915485e-04    6.79723937088602e-01  0.000e+00  0.000e+00  0.000e+00   2.000e-04   1.552e-04  -2.505e-03
   3.10000000000024    9.99526073578913e-01    1.83446882249680e-04    1.78964433863466e-01  0.000e+00  0.000e+00  0.000e+00  -3.056e-04   1.693e-06  -2.613e-03
   3.10000000000025    6.70501384780240e-04    2.50115994874776e-01    4.93577244465690e-01  0.000e+00  0.000e+00  0.000e+00  -6.157e-05  -2.105e-04  -1.765e-03
   3.10000000000026    2.51450446445467e-01    9.98269954787399e-01    9.95204751376698e-01  0.000e+00  0.000e+00  0.000e+00   8.812e-05   2.314e-05  -2.481e-03
   4.10000000000027    2.50215639345948e-01    1.45917601305013e-01    4.13069902601181e-01  0.000e+00  0.000e+00  0.000e+00  -2.711e-04   4.344e-03  -3.642e-03
   4.10000000000028    2.48616490718894e-01    3.52376060464092e-01    4.13174471885801e-01  0.000e+00  0.000e+00  0.000e+00   1.373e-04  -4.268e-03  -3.703e-03
   4.10000000000029    1.47515953357506e-01    2.49139493009263e-01    9.13696532073680e-01  0.000e+00  0.000e+00  0.000e+00   4.100e-03  -1.575e-04  -3.578e-03
   4.10000000000030    3.53857529470711e-01    2.48404576576373e-01    9.13600611376509e-01  0.000e+00  0.000e+00  0.000e+00  -4.502e-03  -1.637e-05  -3.886e-03
   4.10000000000031    9.98630753701173e-01    3.48439008145042e-01    4.06407345323945e-01  0.000e+00  0.000e+00  0.000e+00  -9.038e-05  -1.403e-03   1.780e-03
   4.10000000000032    1.81549406123310e-03    1.52354611290168e-01    4.05290891307698e-01  0.000e+00  0.000e+00  0.000e+00  -1.582e-05   1.433e-03   1.745e-03
   4.10000000000033    1.52665313613325e-01    9.97881611848975e-01    9.08907573332159e-01  0.000e+00  0.000e+00  0.000e+00   1.328e-03  -1.693e-05   2.188e-03
   4.10000000000034    3.49173622577199e-01    9.95961910782726e-01    9.06868079164452e-01  0.000e+00  0.000e+00  0.000e+00  -1.389e-03  -1.665e-04   1.686e-03
   4.10000000000035    2.52647972086355e-01    9.89602795166034e-02    7.73765532076825e-02  0.000e+00  0.000e+00  0.000e+00   2.485e-04  -4.305e-03   1.572e-06
   4.10000000000036    2.51666227009061e-01    3.99723418546762e-01    8.21765192423208e-02  0.000e+00  0.000e+00  0.000e+00   3.948e-04   3.675e-03   1.111e-03
   4.10000000000037    1.00401792447341e-01    2.50975090735650e-01    5.77931635274915e-01  0.000e+00  0.000e+00  0.000e+00  -4.139e-03   1.456e-04   2.752e-04
   4.10000000000038    3.99708639752090e-01    2.50204049378256e-01    5.79224992216271e-01  0.000e+00  0.000e+00  0.000e+00   4.019e-03   1.214e-04   3.853e-05
   4.10000000000039    9.98588953277859e-01    4.04033573601711e-01    8.61588006453419e-02  0.000e+00  0.000e+00  0.000e+00   1.339e-04  -2.732e-04   2.751e-03
   4.10000000000040    1.18622822918155e-04    9.61267307507775e-02    8.58018498542320e-02  0.000e+00  0.000e+00  0.000e+00  -9.320e-05   2.489e-04   2.716e-03
   4.10000000000041    9.63816084915865e-02    3.82133967024717e-04    5.86393098741709e-01  0.000e+00  0.000e+00  0.000e+00   3.192e-04  -3.443e-05   2.721e-03
   4.10000000000042    4.05169243700422e-01    9.97964021833001e-01    5.87928616131660e-01  0.000e+00  0.000e+00  0.000e+00  -2.440e-04   6.604e-05   3.747e-03
   4.10000000000043    7.97597266478264e-04    9.40026980802989e-02    7.74764837044888e-01  0.000e+00  0.000e+00  0.000e+00  -8.078e-05  -4.389e-03   2.904e-03
   4.10000000000044    1.08285691206716e-03    4.06577558519555e-01    7.74422824723009e-01  0.000e+00  0.000e+00  0.000e+00  -2.790e-04   4.288e-03   2.645e-03
   4.10000000000045    4.06074166378112e-01    9.99261132403493e-01    2.74960609615342e-01  0.000e+00  0.000e+00  0.000e+00   4.407e-03   2.704e-04   3.068e-03
   4.10000000000046    9.36193913293495e-02    9.99283710481308e-01    2.73261555299068e-01  0.000e+00  0.000e+00  0.000e+00  -4.406e-03  -6.435e-05   2.425e-03
   4.10000000000047    2.50364200309888e-01    3.50579409921936e-01    7.04851228571159e-01  0.000e+00  0.000e+00  0.000e+00  -1.068e-04  -8.273e-03  -1.254e-03
   4.10000000000048    2.49982347794209e-01    1.47003606847931e-01    7.04539093187744e-01  0.000e+00  0.000e+00  0.000e+00   5.818e-05   8.227e-03  -7.729e-04
   4.10000000000049    3.51978769903921e-01    2.49492275475127e-01    2.04778108695447e-01  0.000e+00  0.000e+00  0.000e+00  -8.058e-03   3.167e-04  -1.035e-03
   4.10000000000050    1.48501087658312e-01    2.49207227242709e-01    2.03450157404292e-01  0.000e+00  0.000e+00  0.000e+00   8.033e-03  -5.193e-05  -8.020e-04
   1.10000000000051    1.22271886899352e-01    6.30710701444433e-01    3.08300914234317e-01  0.000e+00  0.000e+00  0.000e+00   9.473e-04   1.961e-03   1.480e-03
   1.10000000000052    3.73644381204044e-01    8.68966996494753e-01    3.05806189872661e-01  0.000e+00  0.000e+00  0.000e+00  -6.643e-04  -1.995e-03   2.400e-03
   1.10000000000053    1.31937387484840e-01    8.76434695732179e-01    8.10061294897962e-01  0.000e+00  0.000e+00  0.000e+00   2.004e-03  -7.112e-04   1.614e-03
   1.10000000000054    3.66401045688428e-01    6.19342639264406e-01    8.11412047010576e-01  0.000e+00  0.000e+00  0.000e+00  -1.639e-03   8.106e-04   1.453e-03
   1.10000000000055    1.20747866060146e-01    8.67226226695190e-01    3.09181497683751e-01  0.000e+00  0.000e+00  0.000e+00   8.586e-04  -1.778e-03   1.570e-03
   1.10000000000056    3.76100438509035e-01    6.30050292668334e-01    3.09663459875272e-01  0.000e+00  0.000e+00  0.000e+00  -5.852e-04   2.312e-03   1.574e-03
   1.10000000000057    1.32533325952358e-01    6.19951682913475e-01    8.10531463561142e-01  0.000e+00  0.000e+00  0.000e+00   1.943e-03   6.328e-04   1.450e-03
   1.10000000000058    3.70471503126276e-01    8.74422424546886e-01    8.06654537677964e-01  0.000e+00  0.000e+00  0.000e+00  -1.845e-03  -6.158e-04   1.815e-03
   1.10000000000059    9.98347188667340e-01    5.00099343542387e-01    9.29659465800340e-01  0.000e+00  0.000e+00  0.000e+00   5.084e-06  -1.185e-05   3.286e-04
   1.10000000000060    9.99946337294394e-01    5.00454383816034e-01    4.29689342738803e-01  0.000e+00  0.000e+00  0.000e+00  -4.519e-06  -2.371e-05   2.013e-04
   1.10000000000061    2.49852992430169e-01    7.48799128486196e-01    5.59253831324240e-01  0.000e+00  0.000e+00  0.000e+00   1.921e-05   1.580e-05   4.969e-04
   1.10000000000062    2.50660192496598e-01    7.50471035148423e-01    5.92852807331486e-02  0.000e+00  0.000e+00  0.000e+00  -3.389e-06   6.548e-05   5.150e-04
   1.10000000000063    1.25029020226321e-01    8.54291245914779e-01    6.33438269527724e-02  0.000e+00  0.000e+00  0.000e+00  -9.027e-04  -2.365e-03  -1.501e-03
   1.10000000000064    3.78172383816006e-01    6.48628663998690e-01    6.49288771617537e-02  0.000e+00  0.000e+00  0.000e+00   8.027e-04   2.088e-03  -1.583e-03
   1.10000000000065    1.45861447413090e-01    6.25149156426568e-01    5.61824820502499e-01  0.000e+00  0.000e+00  0.000e+00   2.668e-03  -7.925e-04  -1.498e-03
   1.10000000000066    3.50324263959506e-01    8.75131940642233e-01    5.60247632645744e-01  0.000e+00  0.000e+00  0.000e+00  -2.159e-03   1.039e-03  -1.548e-03
   1.10000000000067    1.47797258908998e-01    8.76097717920785e-01    5.63965739013935e-01  0.000e+00  0.000e+00  0.000e+00   2.437e-03   9.703e-04  -1.596e-03
   1.10000000000068    3.54167643422054e-01    6.23800116277101e-01    5.63661465982747e-01  0.000e+00  0.000e+00  0.000e+00  -2.401e-03  -1.068e-03  -1.245e-03
   1.10000000000069    1.26167234455750e-01    6.45393789899697e-01    6.23586742187181e-02  0.000e+00  0.000e+00  0.000e+00  -8.004e-04   2.350e-03  -1.540e-03
   1.10000000000070    3.77982022428751e-01    8.53365544724350e-01    5.99079790295341e-02  0.000e+00  0.000e+00  0.000e+00   8.671e-04  -2.354e-03  -1.095e-03
   2.10000000000071    2.50553431955972e-01    7.48709380626880e-01    8.09086363221803e-01  0.000e+00  0.000e+00  0.000e+00  -7.852e-05  -2.162e-04  -2.706e-03
   2.10000000000072    2.49788032312857e-01    7.49170537866259e-01    3.08791525013287e-01  0.000e+00  0.000e+00  0.000e+00  -1.525e-04   2.224e-04  -2.989e-03
   3.10000000000073    4.85223832793788e-04    5.00383262870916e-01    6.79723937088602e-01  0.000e+00  0.000e+00  0.000e+00   2.000e-04   1.552e-04  -2.505e-03
   3.10000000000074    9.99526073578913e-01    5.00183446882250e-01    1.78964433863466e-01  0.000e+00  0.000e+00  0.000e+00  -3.056e-04   1.693e-06  -2.613e-03
   3.10000000000075    6.70501384780240e-04    7.50115994874776e-01    4.93577244465690e-01  0.000e+00  0.000e+00  0.000e+00  -6.157e-05  -2.105e-04  -1.765e-03
   3.10000000000076    2.51450446445467e-01    4.98269390335454e-01    9.95204751376698e-01  0.000e+00  0.000e+00  0.000e+00   8.812e-05   2.314e-05  -2.481e-03
   4.10000000000077    2.50215639345948e-01    6.45917601305013e-01    4.13069902601181e-01  0.000e+00  0.000e+00  0.000e+00  -2.711e-04   4.344e-03  -3.642e-03
   4.10000000000078    2.48616490718894e-01    8.52376060464092e-01    4.13174471885801e-01  0.000e+00  0.000e+00  0.000e+00   1.373e-04  -4.268e-03  -3.703e-03
   4.10000000000079    1.47515953357506e-01    7.49139493009263e-01    9.13696532073680e-01  0.000e+00  0.000e+00  0.000e+00   4.100e-03  -1.575e-04  -3.578e-03
   4.10000000000080    3.53857529470711e-01    7.48405141028319e-01    9.13600611376509e-01  0.000e+00  0.000e+00  0.000e+00  -4.502e-03  -1.637e-05  -3.886e-03
   4.10000000000081    9.98630753701173e-01    8.48439008145042e-01    4.06407345323945e-01  0.000e+00  0.000e+00  0.000e+00  -9.038e-05  -1.403e-03   1.780e-03
   4.10000000000082    1.81549406123310e-03    6.52354611290168e-01    4.05290891307698e-01  0.000e+00  0.000e+00  0.000e+00  -1.582e-05   1.433e-03   1.745e-03
   4.10000000000083    1.52665313613325e-01    4.97881047397030e-01    9.08907573332159e-01  0.000e+00  0.000e+00  0.000e+00   1.328e-03  -1.693e-05   2.188e-03
   4.10000000000084    3.49173622577199e-01    4.95961910782726e-01    9.06868079164452e-01  0.000e+00  0.000e+00  0.000e+00  -1.389e-03  -1.665e-04   1.686e-03
   4.10000000000085    2.52647972086355e-01    5.98960279516603e-01    7.73765532076825e-02  0.000e+00  0.000e+00  0.000e+00   2.485e-04  -4.305e-03   1.572e-06
   4.10000000000086    2.51666227009061e-01    8.99723418546762e-01    8.21765192423208e-02  0.000e+00  0.000e+00  0.000e+00   3.948e-04   3.675e-03   1.111e-03
   4.10000000000087    1.00401792447341e-01    7.50975090735650e-01    5.77931635274915e-01  0.000e+00  0.000e+00  0.000e+00  -4.139e-03   1.456e-04   2.752e-04
   4.10000000000088    3.99708639752090e-01    7.50204049378256e-01    5.79224992216271e-01  0.000e+00  0.000e+00  0.000e+00   4.019e-03   1.214e-04   3.853e-05
   4.10000000000089    9.98588953277859e-01    9.04033573601711e-01    8.61588006453419e-02  0.000e+00  0.000e+00  0.000e+00   1.339e-04  -2.732e-04   2.751e-03
   4.10000000000090    1.18622822918155e-04    5.96126730750777e-01    8.58018498542320e-02  0.000e+00  0.000e+00  0.000e+00  -9.320e-05   2.489e-04   2.716e-03
   4.10000000000091    9.63816084915865e-02    5.00382133967025e-01    5.86393098741709e-01  0.000e+00  0.000e+00  0.000e+00   3.192e-04  -3.443e-05   2.721e-03
   4.10000000000092    4.05169243700422e-01    4.97964021833001e-01    5.87928616131660e-01  0.000e+00  0.000e+00  0.000e+00  -2.440e-04   6.604e-05   3.747e-03
   4.10000000000093    7.97597266478264e-04    5.94002698080299e-01    7.74764837044888e-01  0.000e+00  0.000e+00  0.000e+00  -8.078e-05  -4.389e-03   2.904e-03
   4.10000000000094    1.08285691206716e-03    9.06577558519555e-01    7.74422824723009e-01  0.000e+00  0.000e+00  0.000e+00  -2.790e-04   4.288e-03   2.645e-03
   4.10000000000095    4.06074166378112e-01    4.99260567951547e-01    2.74960609615342e-01  0.000e+00  0.000e+00  0.000e+00   4.407e-03   2.704e-04   3.068e-03
   4.10000000000096    9.36193913293495e-02    4.99283710481308e-01    2.73261555299068e-01  0.000e+00  0.000e+00  0.000e+00  -4.406e-03  -6.435e-05   2.425e-03
   4.10000000000097    2.50364200309888e-01    8.50579409921936e-01    7.04851228571159e-01  0.000e+00  0.000e+00  0.000e+00  -1.068e-04  -8.273e-03  -1.254e-03
   4.10000000000098    2.49982347794209e-01    6.47003606847931e-01    7.04539093187744e-01  0.000e+00  0.000e+00  0.000e+00   5.818e-05   8.227e-03  -7.729e-04
   4.10000000000099    3.51978769903921e-01    7.49492275475127e-01    2.04778108695447e-01  0.000e+00  0.000e+00  0.000e+00  -8.058e-03   3.167e-04  -1.035e-03
   4.10000000000100    1.48501087658312e-01    7.49207227242709e-01    2.03450157404292e-01  0.000e+00  0.000e+00  0.000e+00   8.033e-03  -5.193e-05  -8.020e-04
   1.10000000000101    6.23748176174098e-01    1.29316505139335e-01    3.10126552421447e-01  0.000e+00  0.000e+00  0.000e+00   2.644e-04   1.195e-03   2.440e-03
   1.10000000000102    8.75778179840108e-01    3.70006716978150e-01    3.08957420645279e-01  0.000e+00  0.000e+00  0.000e+00  -1.192e-04  -1.898e-03   1.681e-03
   1.10000000000103    6.38600318474036e-01    4.09728893730632e-01    7.53986998814357e-01  0.000e+00  0.000e+00  0.000e+00  -4.321e-04   2.738e-03  -9.513e-04
   1.10000000000104    8.69963966905362e-01    1.25372679396940e-01    8.10573920263169e-01  0.000e+00  0.000e+00  0.000e+00  -2.284e-03   5.701e-04   1.391e-03
   1.10000000000105    5.91992846478907e-01    3.61773056450839e-01    2.55203304703888e-01  0.000e+00  0.000e+00  0.000e+00  -2.686e-03   3.539e-04  -9.215e-04
   1.10000000000106    8.78319532603483e-01    1.33092688653951e-01    3.11982067547040e-01  0.000e+00  0.000e+00  0.000e+00  -7.852e-04   1.658e-03   1.388e-03
   1.10000000000107    6.29047792005612e-01    1.29400608479197e-01    8.04703101855201e-01  0.000e+00  0.000e+00  0.000e+00   1.805e-03  -3.291e-04   2.770e-03
   1.10000000000108    8.70176358245444e-01    3.78347058923139e-01    8.10905711527152e-01  0.000e+00  0.000e+00  0.000e+00  -1.386e-03  -6.469e-04   2.123e-03
   1.10000000000109    4.94873517002887e-01    2.63994174855924e-03    9.31227218834422e-01  0.000e+00  0.000e+00  0.000e+00   2.994e-04  -2.822e-05   4.757e-04
   1.10000000000110    4.97387191107581e-01    5.25561206346698e-03    4.31406480465200e-01  0.000e+00  0.000e+00  0.000e+00   8.530e-05  -3.319e-04   6.447e-04
   1.10000000000111    7.45101018631126e-01    2.55453452470324e-01    5.62737639596064e-01  0.000e+00  0.000e+00  0.000e+00  -2.197e-04   6.040e-05   2.288e-04
   1.10000000000112    7.44611275833650e-01    2.55132843765346e-01    6.27407845369546e-02  0.000e+00  0.000e+00  0.000e+00  -1.350e-04   2.038e-04   2.146e-04
   1.10000000000113    6.21699390561125e-01    3.77967182763895e-01    9.90448814514531e-01  0.000e+00  0.000e+00  0.000e+00  -1.028e-03  -5.362e-04  -4.293e-04
   1.10000000000114    8.74504961540786e-01    1.49382771797723e-01    6.51285809083218e-02  0.000e+00  0.000e+00  0.000e+00   1.166e-03   2.134e-03  -1.436e-03
   1.10000000000115    6.45661200790593e-01    1.25497987728815e-01    5.61354651839319e-01  0.000e+00  0.000e+00  0.000e+00   2.111e-03  -1.473e-03  -8.711e-04
   1.10000000000116    8.53806408682739e-01    3.74525719252891e-01    5.61235144085467e-01  0.000e+00  0.000e+00  0.000e+00  -1.651e-03   9.353e-04  -1.054e-03
   1.10000000000117    6.23256173894280e-01    3.77685521243149e-01    4.94594632843876e-01  0.000e+00  0.000e+00  0.000e+00   7.174e-04   8.162e-04  -1.565e-04
   1.10000000000118    8.49567054939878e-01    1.24661469945756e-01    5.65841696255319e-01  0.000e+00  0.000e+00  0.000e+00  -1.928e-03  -9.579e-04  -1.619e-03
   1.10000000000119    6.25011791673469e-01    1.49403092067757e-01    5.92915706149303e-02  0.000e+00  0.000e+00  0.000e+00  -1.164e-03   1.657e-03  -9.647e-04
   1.10000000000120    8.72305355481532e-01    3.54737162951632e-01    6.32298228454796e-02  0.000e+00  0.000e+00  0.000e+00   1.396e-03  -2.371e-03  -1.248e-03
   2.10000000000121    7.50411931874348e-01    2.51703233745195e-01    8.11557500526778e-01  0.000e+00  0.000e+00  0.000e+00   1.297e-03  -1.574e-03  -1.452e-03
   2.10000000000122    7.49492887432025e-01    2.49991815446792e-01    3.11816171915049e-01  0.000e+00  0.000e+00  0.000e+00   2.086e-03  -1.493e-03  -8.711e-04
   3.10000000000123    5.00233009116446e-01    9.99181544679194e-01    6.82582688358372e-01  0.000e+00  0.000e+00  0.000e+00  -5.253e-05   1.078e-04  -3.894e-03
   3.10000000000124    5.01370658475290e-01    9.98989631017763e-01    1.83358702523186e-01  0.000e+00  0.000e+00  0.000e+00  -2.598e-05   1.163e-04  -3.767e-03
   3.10000000000125    4.98509588960621e-01    2.49957948330069e-01    4.93002506517890e-01  0.000e+00  0.000e+00  0.000e+00   6.157e-05  -1.806e-04  -9.372e-04
   3.10000000000126    7.49122332328052e-01    1.85704690031214e-03    9.91050284459904e-01  0.000e+00  0.000e+00  0.000e+00   4.005e-04  -1.078e-04  -5.504e-05
   4.10000000000127    7.50441870015370e-01    1.47204551740488e-01    4.16777001676253e-01  0.000e+00  0.000e+00  0.000e+00   5.366e-05   4.046e-03  -3.139e-03
   4.10000000000128    7.51996393866183e-01    3.53981361796763e-01    4.13758644656274e-01  0.000e+00  0.000e+00  0.000e+00  -2.790e-04  -4.679e-03  -4.007e-03
   4.10000000000129    6.46056045329735e-01    2.49692655915739e-01    9.13045529309277e-01  0.000e+00  0.000e+00  0.000e+00   4.920e-03   2.867e-04  -4.194e-03
   4.10000000000130    8.53334741743993e-01    2.50696251474631e-01    9.16330420069755e-01  0.000e+00  0.000e+00  0.000e+00  -4.089e-03   2.015e-04  -3.123e-03
   4.10000000000131    4.97289468496320e-01    3.47206809548269e-01    4.03252183375213e-01  0.000e+00  0.000e+00  0.000e+00  -3.344e-04  -1.048e-03   4.780e-04
   4.10000000000132    4.99409427803043e-01    1.50853169115447e-01    4.08083598818760e-01  0.000e+00  0.000e+00  0.000e+00  -2.881e-05   1.823e-03   1.770e-03
   4.10000000000133    6.51623409818693e-01    4.63810163521729e-03    9.01598730701856e-01  0.000e+00  0.000e+00  0.000e+00   8.993e-04   3.850e-04   1.282e-04
   4.10000000000134    8.47756079843327e-01    1.24913215513397e-03    9.04885980168003e-01  0.000e+00  0.000e+00  0.000e+00  -1.749e-03   1.247e-04   1.592e-03
   4.10000000000135    7.49826725947952e-01    9.92650835671105e-02    7.97572734620453e-02  0.000e+00  0.000e+00  0.000e+00  -1.729e-04  -4.184e-03  -3.216e-04
   4.10000000000136    7.45323577641744e-01    4.00966341730497e-01    7.22526582612880e-02  0.000e+00  0.000e+00  0.000e+00  -1.044e-03   4.190e-03  -1.335e-03
   4.10000000000137    5.98924373431425e-01    2.52991313084561e-01    5.75655484305172e-01  0.000e+00  0.000e+00  0.000e+00  -4.068e-03   8.218e-04  -9.859e-04
   4.10000000000138    9.01868422435078e-01    2.48628663998690e-01    5.79806020045853e-01  0.000e+00  0.000e+00  0.000e+00   4.225e-03   4.741e-05   1.620e-04
   4.10000000000139    5.04371815895119e-01    4.02125161574369e-01    9.18181217784012e-02  0.000e+00  0.000e+00  0.000e+00   7.637e-04  -5.345e-04   2.188e-03
   4.10000000000140    5.01866614849205e-01    9.39660087038490e-02    8.87628117029540e-02  0.000e+00  0.000e+00  0.000e+00   2.084e-04   3.686e-04   3.833e-03
   4.10000000000141    5.97422382545047e-01    9.97422712417378e-01    5.91425790402269e-01  0.000e+00  0.000e+00  0.000e+00   4.609e-04  -8.083e-04   2.026e-03
   4.10000000000142    9.04408080586697e-01    4.13178824020817e-04    5.86753980708933e-01  0.000e+00  0.000e+00  0.000e+00  -2.949e-04  -1.468e-04   2.831e-03
   4.10000000000143    4.98696561124364e-01    9.43470137669830e-02    7.74173588157411e-01  0.000e+00  0.000e+00  0.000e+00  -3.395e-04  -4.482e-03   2.807e-03
   4.10000000000144    5.01972245648661e-01    4.07158379571355e-01    7.80705630387677e-01  0.000e+00  0.000e+00  0.000e+00   5.123e-04   4.499e-03   3.706e-03
   4.10000000000145    9.05825340885276e-01    1.24687434735244e-03    2.73851231716100e-01  0.000e+00  0.000e+00  0.000e+00   4.388e-03   7.789e-05   2.759e-03
   4.10000000000146    5.93082481837998e-01    9.98092152424603e-01    2.82164096725802e-01  0.000e+00  0.000e+00  0.000e+00  -4.162e-03  -2.704e-04   3.342e-03
   4.10000000000147    7.55809270317124e-01    3.52995828700124e-01    7.07158042714587e-01  0.000e+00  0.000e+00  0.000e+00   3.530e-04  -8.279e-03  -6.502e-04
   4.10000000000148    7.49529604020071e-01    1.50409509886376e-01    7.05567488859047e-01  0.000e+00  0.000e+00  0.000e+00   6.327e-05   7.082e-03  -1.521e-03
   4.10000000000149    8.50565181264146e-01    2.50947432590326e-01    2.05547046743256e-01  0.000e+00  0.000e+00  0.000e+00  -7.411e-03  -1.332e-04  -1.488e-03
   4.10000000000150    6.47603790733524e-01    2.44312299972342e-01    2.08387714602904e-01  0.000e+00  0.000e+00  0.000e+00   8.589e-03  -2.292e-04  -9.466e-04
   1.10000000000151    6.23748176174098e-01    6.29316505139335e-01    3.10126552421447e-01  0.000e+00  0.000e+00  0.000e+00   2.644e-04   1.195e-03   2.440e-03
   1.10000000000152    8.75778179840108e-01    8.70006716978150e-01    3.08957420645279e-01  0.000e+00  0.000e+00  0.000e+00  -1.192e-04  -1.898e-03   1.681e-03
   1.10000000000153    6.38600318474036e-01    9.09728893730632e-01    7.53986998814357e-01  0.000e+00  0.000e+00  0.000e+00  -4.321e-04   2.738e-03  -9.513e-04
   1.10000000000154    8.69963966905362e-01    6.25372679396940e-01    8.10573920263169e-01  0.000e+00  0.000e+00  0.000e+00  -2.284e-03   5.701e-04   1.391e-03
   1.10000000000155    5.91992846478907e-01    8.61773056450839e-01    2.55203304703888e-01  0.000e+00  0.000e+00  0.000e+00  -2.686e-03   3.539e-04  -9.215e-04
   1.10000000000156    8.78319532603483e-01    6.33092688653952e-01    3.11982067547040e-01  0.000e+00  0.000e+00  0.000e+00  -7.852e-04   1.658e-03   1.388e-03
   1.10000000000157    6.29047792005612e-01    6.29400608479197e-01    8.04703101855201e-01  0.000e+00  0.000e+00  0.000e+00   1.805e-03  -3.291e-04   2.770e-03
   1.10000000000158    8.70176358245444e-01    8.78347623375084e-01    8.10905711527152e-01  0.000e+00  0.000e+00  0.000e+00  -1.386e-03  -6.469e-04   2.123e-03
   1.10000000000159    4.94873517002887e-01    5.02639941748559e-01    9.31227218834422e-01  0.000e+00  0.000e+00  0.000e+00   2.994e-04  -2.822e-05   4.757e-04
   1.10000000000160    4.97387191107581e-01    5.05256176515412e-01    4.31406480465200e-01  0.000e+00  0.000e+00  0.000e+00   8.530e-05  -3.319e-04   6.447e-04
   1.10000000000161    7.45101018631126e-01    7.55453452470324e-01    5.62737639596064e-01  0.000e+00  0.000e+00  0.000e+00  -2.197e-04   6.040e-05   2.288e-04
   1.10000000000162    7.44611275833650e-01    7.55133408217291e-01    6.27407845369546e-02  0.000e+00  0.000e+00  0.000e+00  -1.350e-04   2.038e-04   2.146e-04
   1.10000000000163    6.21699390561125e-01    8.77967182763895e-01    9.90448814514531e-01  0.000e+00  0.000e+00  0.000e+00  -1.028e-03  -5.362e-04  -4.293e-04
   1.10000000000164    8.74504961540786e-01    6.49383336249668e-01    6.51285809083218e-02  0.000e+00  0.000e+00  0.000e+00   1.166e-03   2.134e-03  -1.436e-03
   1.10000000000165    6.45661200790593e-01    6.25497987728815e-01    5.61354651839319e-01  0.000e+00  0.000e+00  0.000e+00   2.111e-03  -1.473e-03  -8.711e-04
   1.10000000000166    8.53806408682739e-01    8.74526283704837e-01    5.61235144085467e-01  0.000e+00  0.000e+00  0.000e+00  -1.651e-03   9.353e-04  -1.054e-03
   1.10000000000167    6.23256173894280e-01    8.77685521243149e-01    4.94594632843876e-01  0.000e+00  0.000e+00  0.000e+00   7.174e-04   8.162e-04  -1.565e-04
   1.10000000000168    8.49567054939878e-01    6.24661469945756e-01    5.65841696255319e-01  0.000e+00  0.000e+00  0.000e+00  -1.928e-03  -9.579e-04  -1.619e-03
   1.10000000000169    6.25011791673469e-01    6.49403092067757e-01    5.92915706149303e-02  0.000e+00  0.000e+00  0.000e+00  -1.164e-03   1.657e-03  -9.647e-04
   1.10000000000170    8.72305355481532e-01    8.54737727403577e-01    6.32298228454796e-02  0.000e+00  0.000e+00  0.000e+00   1.396e-03  -2.371e-03  -1.248e-03
   2.10000000000171    7.50411931874348e-01    7.51703798197141e-01    8.11557500526778e-01  0.000e+00  0.000e+00  0.000e+00   1.297e-03  -1.574e-03  -1.452e-03
   2.10000000000172    7.49492887432025e-01    7.49992379898737e-01    3.11816171915049e-01  0.000e+00  0.000e+00  0.000e+00   2.086e-03  -1.493e-03  -8.711e-04
   3.10000000000173    5.00233009116446e-01    4.99181544679194e-01    6.82582688358372e-01  0.000e+00  0.000e+00  0.000e+00  -5.253e-05   1.078e-04  -3.894e-03
   3.10000000000174    5.01370658475290e-01    4.98989066565818e-01    1.83358702523186e-01  0.000e+00  0.000e+00  0.000e+00  -2.598e-05   1.163e-04  -3.767e-03
   3.10000000000175    4.98509588960621e-01    7.49957948330069e-01    4.93002506517890e-01  0.000e+00  0.000e+00  0.000e+00   6.157e-05  -1.806e-04  -9.372e-04
   3.10000000000176    7.49122332328052e-01    5.01857611352257e-01    9.91050284459904e-01  0.000e+00  0.000e+00  0.000e+00   4.005e-04  -1.078e-04  -5.504e-05
   4.10000000000177    7.50441870015370e-01    6.47204551740488e-01    4.16777001676253e-01  0.000e+00  0.000e+00  0.000e+00   5.366e-05   4.046e-03  -3.139e-03
   4.10000000000178    7.51996393866183e-01    8.53981926248709e-01    4.13758644656274e-01  0.000e+00  0.000e+00  0.000e+00  -2.790e-04  -4.679e-03  -4.007e-03
   4.10000000000179    6.46056045329735e-01    7.49692655915739e-01    9.13045529309277e-01  0.000e+00  0.000e+00  0.000e+00   4.920e-03   2.867e-04  -4.194e-03
   4.10000000000180    8.53334741743993e-01    7.50696251474631e-01    9.16330420069755e-01  0.000e+00  0.000e+00  0.000e+00  -4.089e-03   2.015e-04  -3.123e-03
   4.10000000000181    4.97289468496320e-01    8.47207374000215e-01    4.03252183375213e-01  0.000e+00  0.000e+00  0.000e+00  -3.344e-04  -1.048e-03   4.780e-04
   4.10000000000182    4.99409427803043e-01    6.50853169115447e-01    4.08083598818760e-01  0.000e+00  0.000e+00  0.000e+00  -2.881e-05   1.823e-03   1.770e-03
   4.10000000000183    6.51623409818693e-01    5.04638101635217e-01    9.01598730701856e-01  0.000e+00  0.000e+00  0.000e+00   8.993e-04   3.850e-04   1.282e-04
   4.10000000000184    8.47756079843327e-01    5.01249132155134e-01    9.04885980168003e-01  0.000e+00  0.000e+00  0.000e+00  -1.749e-03   1.247e-04   1.592e-03
   4.10000000000185    7.49826725947952e-01    5.99265648019056e-01    7.97572734620453e-02  0.000e+00  0.000e+00  0.000e+00  -1.729e-04  -4.184e-03  -3.216e-04
   4.10000000000186    7.45323577641744e-01    9.00966906182442e-01    7.22526582612880e-02  0.000e+00  0.000e+00  0.000e+00  -1.044e-03   4.190e-03  -1.335e-03
   4.10000000000187    5.98924373431425e-01    7.52991313084561e-01    5.75655484305172e-01  0.000e+00  0.000e+00  0.000e+00  -4.068e-03   8.218e-04  -9.859e-04
   4.10000000000188    9.01868422435078e-01    7.48628663998691e-01    5.79806020045853e-01  0.000e+00  0.000e+00  0.000e+00   4.225e-03   4.741e-05   1.620e-04
   4.10000000000189    5.04371815895119e-01    9.02125161574369e-01    9.18181217784012e-02  0.000e+00  0.000e+00  0.000e+00   7.637e-04  -5.345e-04   2.188e-03
   4.10000000000190    5.01866614849205e-01    5.93966008703849e-01    8.87628117029540e-02  0.000e+00  0.000e+00  0.000e+00   2.084e-04   3.686e-04   3.833e-03
   4.10000000000191    5.97422382545047e-01    4.97422712417378e-01    5.91425790402269e-01  0.000e+00  0.000e+00  0.000e+00   4.609e-04  -8.083e-04   2.026e-03
   4.10000000000192    9.04408080586697e-01    5.00413178824021e-01    5.86753980708933e-01  0.000e+00  0.000e+00  0.000e+00  -2.949e-04  -1.468e-04   2.831e-03
   4.10000000000193    4.98696561124364e-01    5.94347013766983e-01    7.74173588157411e-01  0.000e+00  0.000e+00  0.000e+00  -3.395e-04  -4.482e-03   2.807e-03
   4.10000000000194    5.01972245648661e-01    9.07158944023301e-01    7.80705630387677e-01  0.000e+00  0.000e+00  0.000e+00   5.123e-04   4.499e-03   3.706e-03
   4.10000000000195    9.05825340885276e-01    5.01246874347352e-01    2.73851231716100e-01  0.000e+00  0.000e+00  0.000e+00   4.388e-03   7.789e-05   2.759e-03
   4.10000000000196    5.93082481837998e-01    4.98092152424603e-01    2.82164096725802e-01  0.000e+00  0.000e+00  0.000e+00  -4.162e-03  -2.704e-04   3.342e-03
   4.10000000000197    7.55809270317124e-01    8.52995828700124e-01    7.07158042714587e-01  0.000e+00  0.000e+00  0.000e+00   3.530e-04  -8.279e-03  -6.502e-04
   4.10000000000198    7.49529604020071e-01    6.50410074338321e-01    7.05567488859047e-01  0.000e+00  0.000e+00  0.000e+00   6.327e-05   7.082e-03  -1.521e-03
   4.10000000000199    8.50565181264146e-01    7.50947432590326e-01    2.05547046743256e-01  0.000e+00  0.000e+00  0.000e+00  -7.411e-03  -1.332e-04  -1.488e-03
   4.10000000000200    6.47603790733524e-01    7.44312299972342e-01    2.08387714602904e-01  0.000e+00  0.000e+00  0.000e+00   8.589e-03  -2.292e-04  -9.466e-04
