!
!  specorder:   O  Li  La  Zr
!
  1.00000000000000E+000
  1.32393700000000E+001  0.00000000000000E+000  0.00000000000000E+000
  0.00000000000000E+000  1.32393700000000E+001  0.00000000000000E+000
  0.00000000000000E+000  0.00000000000000E+000  1.27648560000000E+001
  0.00000000000000E+000  0.00000000000000E+000  0.00000000000000E+000
  0.00000000000000E+000  0.00000000000000E+000  0.00000000000000E+000
  0.00000000000000E+000  0.00000000000000E+000  0.00000000000000E+000
       192
  2.10000000000001E+000  5.55559475702394E-003  4.95732812857378E-001  7.51862991724289E-001  2.45791547622952E-005  2.02386680056693E-005  2.11485945136853E-005
  2.10000000000002E+000  5.00582402760108E-001  1.84365937140925E-002  7.68623153238646E-001  6.24048817639203E-005 -2.37894194194136E-005  9.42580008665380E-006
  2.10000000000003E+000  5.07201323532844E-001  5.11367432494159E-001  6.14332267321803E-003  5.50269183678018E-006  2.39047586344906E-005 -2.44382360727727E-005
  2.10000000000004E+000  3.12029593154095E-003  9.87997398266264E-001  5.58861873206214E-003 -1.19824102893642E-006  1.02446313503072E-005  6.75136532281212E-005
  2.10000000000005E+000  2.07516873545774E-001  6.94778432792263E-001  9.91085271125594E-001 -2.19539955399360E-005  1.58453846254893E-005  5.05896563908001E-007
  2.10000000000006E+000  2.85106254999152E-001  2.14307312132230E-001  9.99788532794516E-001 -7.66261874284553E-005 -4.24303810075490E-006  8.40607636570503E-007
  2.10000000000007E+000  1.93586995370784E-001  1.92115543509622E-001  7.43297846258947E-001  3.89041585737325E-005  7.83662617270683E-005 -1.70922190234311E-005
  2.10000000000008E+000  7.93430126261564E-001  2.10321613308993E-001  2.45416887068051E-001 -7.43102818453835E-005  1.02517850521088E-005  2.91695662393390E-006
  2.10000000000009E+000  7.93251326403499E-001  7.90300050849868E-001  7.53517874982575E-001 -5.57724404980280E-005  3.58903609819497E-005  2.29295851084710E-005
  2.10000000000010E+000  6.95434581051987E-001  3.10129498566617E-001  7.45788146683033E-001  1.07730513444226E-004 -4.62581002546234E-005  4.23695968485120E-005
  2.10000000000011E+000  7.94365767097413E-001  3.09454303786720E-001  9.99547893030776E-001 -7.66909080936686E-005 -1.05108837686823E-004 -1.56755563246619E-005
  2.10000000000012E+000  1.96388249800855E-001  3.00719396938321E-001  5.02630800357836E-001  4.40790952754362E-005 -8.15385855501473E-005 -3.30949197627491E-005
  2.10000000000013E+000  3.31126885281283E-001  7.10036140311081E-002  8.31047537740113E-001 -8.23408235305463E-006  1.43648197453523E-005  6.00808397305515E-005
  2.10000000000014E+000  1.54255929857807E-001  5.69523517877580E-001  8.22296999149330E-001  7.22785690546050E-006  3.89587875957654E-005  5.05361636281707E-005
  2.10000000000015E+000  8.53919621806994E-002  8.30493089368807E-001  6.43352250643575E-002  3.03846907144867E-005  9.28074108688768E-006 -6.99066686304143E-006
  2.10000000000016E+000  4.26179945181112E-001  3.55412652711609E-001  8.50373958183570E-002 -6.24833244812827E-006  3.15178257199706E-005  5.57581462505927E-005
  2.10000000000017E+000  6.56538767405045E-001  4.31211934452461E-001  9.38553399258393E-001 -1.59527814700185E-005 -3.33078846434912E-006 -3.06404966996679E-005
  2.10000000000018E+000  8.54585998224255E-001  9.22499473916983E-001  9.19447325787674E-001 -9.07149462788372E-006 -3.91399814722395E-005 -7.73399428308847E-005
  2.10000000000019E+000  9.28424929014330E-001  6.47673652568572E-001  6.70481061891152E-001 -6.90567708623269E-005 -4.76402265090047E-006 -3.71283652655632E-005
  2.10000000000020E+000  5.80860780096848E-001  1.56356400458738E-001  6.70178516224540E-001  4.13494475669732E-005 -5.81575220287939E-005 -5.17398041313192E-005
  2.10000000000021E+000  8.53832845180475E-001  4.27152188672475E-001  8.24545296512705E-001  4.56476888346096E-005 -8.72355367386917E-005  9.09526144733763E-005
  2.10000000000022E+000  1.45480918657127E-001  4.42676184673098E-001  3.35386610208066E-001  5.28553668780270E-006 -3.22574951045886E-005  1.35811770963320E-006
  2.10000000000023E+000  7.31315153499069E-002  1.50551468227095E-001  5.64910373717852E-001  3.86976585801646E-005 -2.70528291471056E-005  8.54160282359530E-005
  2.10000000000024E+000  9.19663796269072E-001  1.51567516417580E-001  5.90766653287252E-002 -6.56197000474649E-006 -2.84135211795953E-005  1.63740614520217E-005
  2.10000000000025E+000  1.37660942544856E-001  6.33334678738092E-002  9.31853848217020E-001 -2.23089737770920E-005 -9.67497693543661E-006 -1.85211832186809E-006
  2.10000000000026E+000  8.47667958655169E-001  8.30046376406036E-002  4.22319779489487E-001 -1.98293796897320E-005  5.37359045124628E-006 -1.05869218450578E-004
  2.10000000000027E+000  9.25967592945840E-001  3.34946795716518E-001  1.75035946256767E-001 -5.45858518765663E-005 -9.55560113940739E-005  3.40140243686691E-005
  2.10000000000028E+000  6.60315568505785E-002  3.50186086443313E-001  6.76578356237148E-001  2.81276867355996E-005  2.82618067169443E-005 -6.46538037418060E-005
  2.10000000000029E+000  4.97494746212312E-001  2.68664897161937E-002  2.38746361680224E-001 -2.23319074480447E-005 -3.33783605525827E-006 -1.89750411317667E-006
  2.10000000000030E+000  1.11039858225199E-002  5.05071856014377E-001  2.60908287030726E-001 -8.40924835013845E-005 -8.09450527519527E-006 -2.57078481949867E-005
  2.10000000000031E+000  3.90851166309694E-003  9.27741704665510E-003  5.02085609849368E-001 -4.95963327238556E-005 -1.48460898404000E-006 -1.51094637583906E-005
  2.10000000000032E+000  4.99186511028358E-001  5.23588390952744E-001  5.02112607347055E-001  2.46604817355792E-006 -1.29926910672744E-005  2.96274285544059E-005
  2.10000000000033E+000  7.00103154434019E-001  2.02258555156381E-001  4.93722401631044E-001  1.04838602116333E-004  1.18267581678712E-004 -6.53830849594802E-005
  2.10000000000034E+000  7.94920094083437E-001  7.12238443349233E-001  5.12222358214855E-001 -2.84990510493500E-005  4.15341876282388E-005  8.15840685385479E-005
  2.10000000000035E+000  7.04854167597563E-001  7.08896583480386E-001  2.57986721893089E-001  8.18257889140331E-006  1.33390191226076E-005 -3.14678491869527E-005
  2.10000000000036E+000  2.90754788041229E-001  7.03485278352970E-001  7.61120015418274E-001  8.29240213520486E-006  2.35820942338708E-005  7.96297465457394E-005
  2.10000000000037E+000  2.80987141715729E-001  2.86059745868729E-001  2.51689464060286E-001 -4.85875293781663E-005 -1.06954653267349E-005 -3.64262438767390E-005
  2.10000000000038E+000  2.13698665251988E-001  7.95104762833137E-001  2.36835781881192E-001  5.39211228890655E-005 -2.81875131758628E-005 -8.31167556515450E-005
  2.10000000000039E+000  3.02043052685533E-001  7.92185308078869E-001  4.92568445714991E-001  2.56886642186324E-005 -4.01978623062831E-005  1.26342222816027E-005
  2.10000000000040E+000  7.09710700763940E-001  7.94917905470533E-001  2.40309062496867E-002  9.91040860655960E-005 -3.70691207690480E-005  4.15443048308972E-005
  2.10000000000041E+000  8.48961170135987E-001  5.75654456585885E-001  3.27276884467947E-001  9.99776499247892E-006 -3.54082726963290E-006  4.67200603220022E-005
  2.10000000000042E+000  6.51560202687373E-001  6.90415700111674E-002  3.25750539701796E-001 -1.43990844795265E-005  1.09784835253794E-005  4.51355424265772E-005
  2.10000000000043E+000  5.59380167290220E-001  3.63863744241471E-001  5.71376878545738E-001 -2.02113847231028E-005  5.48213243041398E-005  6.34581146826499E-005
  2.10000000000044E+000  9.29890212055264E-001  8.45603886581636E-001  5.88271620976354E-001 -3.37065302340215E-005  4.54081095425358E-005  3.60747086598073E-005
  2.10000000000045E+000  1.51296249029291E-001  9.36029270933842E-001  4.24728153562768E-001  5.55688361618273E-005  1.79662662561822E-005 -9.59917960774915E-005
  2.10000000000046E+000  3.55548319378284E-001  4.21231355708905E-001  4.22988862584947E-001  1.82103108112070E-005  1.01409154206767E-006 -5.18903042660458E-005
  2.10000000000047E+000  4.10181391447325E-001  1.77598868719902E-001  1.87450798606529E-001 -2.60876746031417E-005  2.03917340352730E-005 -1.10565740360615E-004
  2.10000000000048E+000  7.69478126623314E-002  6.42907492932090E-001  1.79365444094558E-001  6.55068693159759E-005  4.64066443426092E-005 -6.32744999794607E-005
  2.10000000000049E+000  3.43855396472307E-001  9.31778816074451E-001  3.17650099619647E-001  2.41326263208391E-005  2.66379282194015E-005  1.72763559300399E-005
  2.10000000000050E+000  6.58921970000113E-001  9.38609049956939E-001  8.32666379871130E-001 -3.00220651053064E-006 -2.67346050993077E-005  4.85227796723689E-005
  2.10000000000051E+000  5.86887691759543E-001  6.63245252461914E-001  7.20263616579016E-002  3.29455449099724E-005  6.06445909329900E-005  1.12169019911413E-004
  2.10000000000052E+000  4.26241292139559E-001  6.80448222846651E-001  5.76927784910244E-001  3.96970632152326E-005 -3.29723357891880E-005  5.89388407376173E-005
  2.10000000000053E+000  6.57982585579859E-001  5.65407894684952E-001  4.32682523393526E-001 -2.82429167004622E-005  2.01970007600291E-005 -3.97878512265500E-005
  2.10000000000054E+000  3.29184506641089E-001  5.49182731588421E-001  9.16568237828643E-001 -1.45143165036454E-005 -2.49520111446027E-005 -1.06832993331960E-004
  2.10000000000055E+000  4.33906808043140E-001  8.80686309475907E-001  6.91772121501195E-001 -4.12782171217684E-005 -1.72629521380959E-005  9.58225128823537E-006
  2.10000000000056E+000  5.72405014106967E-001  8.69853236840493E-001  1.73367193158205E-001  9.14822098010270E-005  5.92847230029407E-005  4.35403042065677E-005
  3.10000000000057E+000  9.98481064363358E-001  4.96981471211043E-001  9.94729181471132E-001  3.87124045033464E-006 -4.62232729597006E-006  4.22375909896871E-006
  3.10000000000058E+000  5.05903036846363E-003  4.89959425439484E-001  4.93743475073597E-001  2.23252601781484E-007  3.79922951425780E-006  6.23428266302081E-006
  3.10000000000059E+000  9.98254104777818E-001  9.88453035891575E-001  7.44723670852118E-001 -4.38271389465849E-006 -1.06479235793638E-005  1.36071818414193E-005
  3.10000000000060E+000  9.94531976571975E-001  9.87549153950704E-001  2.48218512698706E-001  7.58133840152354E-008  1.04439080325155E-005  4.17711772519273E-006
  3.10000000000061E+000  7.50434323418070E-001  6.29697997428213E-001  8.71884267443476E-001 -1.39756407985155E-006 -2.00261697121556E-005  8.74493805228669E-006
  3.10000000000062E+000  7.53595641807438E-001  1.26547137050620E-001  8.75011810934257E-001 -2.12789416078290E-006  1.53367070940104E-005 -4.06559523846693E-006
  3.10000000000063E+000  6.17135673867972E-001  2.47338087477149E-001  1.29703681840516E-001  5.67835741123143E-006  9.67466551598061E-006 -8.06413138574451E-006
  3.10000000000064E+000  3.58480578833242E-001  2.39082540573012E-001  6.24168821099932E-001  6.69077648925136E-006 -1.11256003477284E-005 -1.09619903612279E-006
  3.10000000000065E+000  2.53473912179623E-001  8.74343991186496E-001  8.83304353260067E-001  6.13117256179717E-006 -6.15590776668458E-006 -3.64366187174006E-007
  3.10000000000066E+000  2.44574897182235E-001  3.69906514361691E-001  8.74564681457904E-001 -4.66263759782447E-006  9.19706087185160E-006  2.59717248113867E-006
  3.10000000000067E+000  1.16972274217973E-001  2.41974478216664E-001  1.28955123125268E-001 -1.56486485484855E-005 -6.99855891911127E-006 -3.44823842092652E-006
  3.10000000000068E+000  8.68407787200593E-001  2.49731539701558E-001  6.24740209754127E-001 -4.09617092769561E-006 -6.11931150016675E-007  8.50516544700622E-006
  3.10000000000069E+000  5.04281647909641E-001  1.47416923892554E-002  4.94707375204141E-001 -2.65915861773864E-006  2.13603805600121E-005 -3.06828522890162E-007
  3.10000000000070E+000  5.03554008834813E-001  1.15611549973528E-002  9.98233468701899E-001 -7.07637985019572E-006 -1.58486742460543E-006 -1.02261410148734E-006
  3.10000000000071E+000  4.94647474393262E-001  5.19656114041835E-001  2.60575610689250E-001  7.57813945524747E-006  2.00229184350336E-005 -3.34124851658733E-006
  3.10000000000072E+000  4.95670267320100E-001  5.07178116010276E-001  7.41280671573495E-001  1.07176920056975E-005  8.91128940590896E-006  4.18904175398162E-007
  3.10000000000073E+000  2.41977510245556E-001  1.22472223476463E-001  3.79443884934575E-001 -4.64233312477979E-006 -1.20769465512913E-005  5.20528340057698E-006
  3.10000000000074E+000  2.64324200127127E-001  6.27176808140226E-001  3.72188565214632E-001  4.68963635986594E-006 -8.66890416365625E-006  1.70331688913315E-006
  3.10000000000075E+000  1.27183187120922E-001  7.49449798438534E-001  6.30153439115493E-001 -2.76458762652410E-006 -1.65606273862977E-005 -4.12517055171960E-007
  3.10000000000076E+000  8.85531396491461E-001  7.47985366688013E-001  1.27739635512175E-001 -9.45505685801040E-006  1.14374548356999E-006  4.98699147639256E-006
  3.10000000000077E+000  7.44495782148391E-001  3.80238359736473E-001  3.64818308423198E-001 -1.08916416405093E-005  1.21994457504203E-005  2.23446250209348E-005
  3.10000000000078E+000  7.59064991670075E-001  8.73958828417617E-001  3.73265064490754E-001  9.10635730120055E-006  1.72425355127473E-005 -1.55635185531976E-006
  3.10000000000079E+000  6.17736646001152E-001  7.52976321883460E-001  6.36901910211446E-001 -3.41832528738752E-006 -6.29767060810406E-006 -1.18106575313068E-006
  3.10000000000080E+000  3.68379662629793E-001  7.49077603193094E-001  1.10581479566335E-001  2.57776732211323E-005  2.07171414596534E-006  1.28401960033028E-005
  4.10000000000081E+000  2.52689583512384E-001  9.78022541481717E-001  6.20338638561822E-001 -6.68156279919716E-006  2.81271022925916E-006  8.25462923185758E-006
  4.10000000000082E+000  7.58434953878847E-001  5.32982145263493E-003  1.23356556571523E-001  8.81793706859019E-006 -2.00626479472753E-005  8.40921853174466E-006
  4.10000000000083E+000  3.83318220950018E-003  7.36355497017131E-001  8.75586412878514E-001  1.69444283762331E-005  3.38073892433401E-006 -6.31774996102640E-006
  4.10000000000084E+000  4.99862156205767E-001  2.60927146686326E-001  8.67089303280960E-001 -1.02155160833556E-005  1.67957516881181E-005  2.05211257364749E-005
  4.10000000000085E+000  7.57885333435738E-001  5.01194060351232E-001  6.23805477345497E-001 -2.65561640501201E-006  1.03487804882724E-006 -1.31588980909316E-006
  4.10000000000086E+000  7.45379406961100E-001  9.94547240319403E-001  6.25817012192214E-001 -4.92836411039460E-006  2.31918019395928E-006  1.86470595734375E-006
  4.10000000000087E+000  9.98222387656805E-001  2.48014247564149E-001  3.73344532468663E-001  2.08445453036547E-006 -1.34391116955452E-005  8.04887756953965E-006
  4.10000000000088E+000  9.98294716099263E-001  2.39018022540433E-001  8.75966261198018E-001 -4.23792386171231E-006 -2.85785697782744E-006  1.09149546088255E-006
  4.10000000000089E+000  7.52322463497261E-001  4.99615829408953E-001  1.29018389160631E-001 -1.37051583366286E-005  4.41576015215555E-006 -2.24117383029780E-005
  4.10000000000090E+000  2.48077920217308E-001  4.91556954282351E-001  6.24018781488740E-001  6.05209429927105E-006  1.28335314905508E-006 -7.86220608718844E-006
  4.10000000000091E+000  4.99026811870855E-001  2.65627941892763E-001  3.80714663435546E-001  1.17109620620133E-005  3.00176869364657E-005  1.88037249722268E-005
  4.10000000000092E+000  1.22770510897037E-002  7.41678394141478E-001  3.84943889160827E-001  2.55174503960795E-005 -9.94503493884999E-006 -1.82259939395928E-006
  4.10000000000093E+000  2.47650243499960E-001  2.77240068291539E-004  1.25354825159592E-001  2.03314847622135E-006 -1.41135018600384E-005 -8.95149141588567E-006
  4.10000000000094E+000  2.47281629847249E-001  4.92983572155129E-001  1.22507362362891E-001  7.14652007526023E-006  5.81782292197182E-006 -7.49387993255945E-006
  4.10000000000095E+000  5.01464167588038E-001  7.52594845951255E-001  8.85666463121497E-001 -1.11693121647590E-005  6.20183271164856E-006 -3.55798702470413E-006
  4.10000000000096E+000  5.12493339552610E-001  7.77015390196205E-001  3.71224735043038E-001  2.65408045251838E-005  8.22671447771957E-006 -1.16723715563285E-005
  1.10000000000097E+000  8.08642959144769E-001  4.72734968480839E-001  9.67254921606886E-001 -6.93600042978265E-006 -9.46892689467915E-006 -3.56473292180104E-005
  1.10000000000098E+000  1.95526324887196E-001  4.72299503234307E-001  4.74333161057131E-001 -2.81920488874844E-005  4.62066317552310E-005 -1.86207636143823E-005
  1.10000000000099E+000  4.77365148739036E-001  3.31259858991626E-001  2.35639317619403E-001  2.68903466037154E-005  3.47027337316013E-005 -1.50155049264663E-005
  1.10000000000100E+000  3.60954990406359E-002  7.98781027128296E-001  2.36409081438011E-001  6.95370915723279E-005 -4.46167502385803E-005 -2.11056084772751E-005
  1.10000000000101E+000  1.88292054677118E-001  1.32593855921850E-002  7.57287536478352E-001 -4.13006567660103E-005  1.08517003425999E-005  4.04197920269258E-006
  1.10000000000102E+000  8.13114904801386E-001  3.54558526353765E-002  2.77360175458922E-001 -2.43010072060815E-005 -1.61774436227131E-005 -4.98698857445965E-006
  1.10000000000103E+000  5.23779032792016E-001  2.11421843876906E-001  5.33026925391148E-001  9.86447314819676E-006  2.21931966618288E-005  1.30614536388479E-005
  1.10000000000104E+000  9.82737306934887E-001  6.77612526041742E-001  5.28697371906913E-001  2.25698744384455E-005  1.10659864614679E-005 -4.71928614527733E-005
  1.10000000000105E+000  2.99067988979411E-001  4.13919211108509E-002  9.77216575502992E-001 -7.78978468498882E-006  1.29438282522963E-005  1.33441672514834E-005
  1.10000000000106E+000  1.90242623556639E-001  5.29382328675811E-001  9.63798935205890E-001  6.44105709176172E-006 -5.13301967160053E-005 -1.72464051877729E-005
  1.10000000000107E+000  9.64908309710850E-001  1.87709057258857E-001  2.28667996321437E-001 -1.46095916476005E-006  6.86642503311367E-006 -5.91939267092727E-005
  1.10000000000108E+000  1.70802284617244E-002  1.82369766580615E-001  7.25603392517460E-001 -4.84073004172393E-005  2.09143476420331E-005 -4.00275247560917E-005
  1.10000000000109E+000  6.93233702912541E-001  4.73735673388171E-001  7.67846011780974E-001  1.19440065268804E-005  1.64120413311537E-005 -2.21009647106719E-005
  1.10000000000110E+000  8.13104755085112E-001  9.61926273147192E-001  7.69918234942431E-001  2.46068354653526E-005 -2.24747374962097E-005 -1.79516144766168E-005
  1.10000000000111E+000  1.84525608895335E-002  3.10540137153270E-001  5.26985855036006E-001  1.49151760385349E-005  1.00904956159296E-005 -3.29597001734627E-005
  1.10000000000112E+000  9.67738484952453E-001  3.11694922865697E-001  2.11400351370933E-002 -2.43579236775797E-005 -8.34616506431431E-006 -5.17689377096151E-005
  1.10000000000113E+000  1.08089324612231E-001  5.54355626720239E-002  1.01319043111378E-001 -1.80577546083606E-005  2.85438804920925E-005  2.72407942764208E-006
  1.10000000000114E+000  8.83475320093427E-001  5.32594392496548E-002  6.01338496114595E-001 -7.75395836363619E-006  1.30031674931881E-005  3.08188225742496E-005
  1.10000000000115E+000  8.00589597537325E-002  6.09192825669626E-001  3.46572117972003E-001  1.63018420038513E-005 -5.02010179668946E-005 -1.94070289411192E-005
  1.10000000000116E+000  9.37741213293375E-001  6.05311974749324E-001  8.43541171056369E-001 -9.28915115576928E-006 -1.73880388686541E-005 -2.21789618293640E-006
  1.10000000000117E+000  8.96556553912347E-001  4.37994985025978E-001  6.52531365503915E-001 -6.78750580768620E-006 -2.96846591167857E-006  1.25373191323296E-006
  1.10000000000118E+000  1.06356096200183E-001  4.39650873989136E-001  1.43471487545127E-001 -1.17367780981377E-005  1.17305209186439E-005  1.26309009952340E-005
  1.10000000000119E+000  9.89797067057119E-001  8.85718128508250E-001  4.27472611550571E-001  4.46510317425730E-005  6.65804533041825E-006 -1.02780674060356E-005
  1.10000000000120E+000  5.59510506663663E-002  8.78482746580581E-001  8.99055350067774E-001  2.06471096703071E-006 -7.53976326813280E-007 -1.11354726383888E-006
  1.10000000000121E+000  6.14633985612835E-001  4.50966240953307E-001  1.10620189956931E-001 -4.08723872753003E-005 -2.11934358254720E-005 -2.47452944532024E-005
  1.10000000000122E+000  8.87282981484002E-001  9.34965461744057E-001  9.59241922834936E-002 -1.13459113023144E-005 -1.94534769507490E-006 -6.74461375283919E-006
  1.10000000000123E+000  5.33952071876253E-002  3.78711603189365E-001  8.51911486230059E-001  3.31997900874118E-005 -2.39122229119073E-005 -1.55901697049984E-006
  1.10000000000124E+000  4.45246886235519E-001  8.87518349616611E-001  8.64643260633056E-001  2.40207522727015E-005  1.58081175679527E-005  3.41250598047505E-005
  1.10000000000125E+000  3.89404228538993E-001  4.30717683203847E-002  6.56776458383502E-001  3.99897921404682E-005  2.00131152739861E-006 -2.98586848226098E-005
  1.10000000000126E+000  1.11755969414929E-001  5.53820981436359E-001  6.55907069704384E-001 -3.84802553913528E-005 -2.75925071854096E-005  1.72720301332052E-005
  1.10000000000127E+000  9.44508314669444E-001  9.95887951262353E-002  9.03919006695312E-001 -4.26965847889425E-005  9.53735163589296E-007  2.16379386316725E-005
  1.10000000000128E+000  5.62714538335793E-001  6.19146418437699E-001  9.03281890474317E-001 -2.97512231136622E-005 -3.68231899741686E-006  2.29076210830652E-005
  1.10000000000129E+000  7.76126276608002E-001  6.51107707006984E-001  6.71544565999230E-001  3.60666946784296E-006 -6.48865568722206E-005  1.23974433592122E-005
  1.10000000000130E+000  7.20899080393222E-001  1.29800152172618E-001  6.86618356196630E-001 -4.53626046471995E-005  2.81942788222887E-005  4.77510735802494E-006
  1.10000000000131E+000  6.43557576450790E-001  2.70936180219771E-001  9.23435123067508E-001  1.68022086868961E-005 -2.87734038463655E-005  2.68205492863764E-005
  1.10000000000132E+000  3.53590065892144E-001  2.73342120208019E-001  4.29467627631714E-001  1.04318646184156E-005 -2.52540793192754E-006  4.55198375337154E-005
  1.10000000000133E+000  2.23775208448006E-001  8.61822920662350E-001  8.43623112301635E-002  1.77091654820236E-005  1.03856410002068E-005 -4.96010555827363E-006
  1.10000000000134E+000  2.73336165830888E-001  3.47597756211745E-001  7.39227498147474E-002  1.89420351107263E-005  2.29096317320904E-005 -3.98905211867382E-006
  1.10000000000135E+000  3.55968785140010E-001  2.15498127470070E-001  8.20412489236308E-001  4.48735302100330E-005  4.38132727166923E-006 -3.63109355771781E-005
  1.10000000000136E+000  6.34117512880341E-001  2.23872679877848E-001  3.19733396174289E-001 -3.03459025738154E-005 -2.25726303009760E-005 -1.70507932243974E-005
  1.10000000000137E+000  7.74399645336832E-001  3.51186214658835E-001  1.72540054086695E-001  4.42040655831634E-007  4.59106073123595E-005 -8.32408381611510E-005
  1.10000000000138E+000  2.15082081307713E-001  3.50126623646889E-001  6.71342340492146E-001 -1.94266515186197E-007  1.81913268904272E-005  6.33841337772436E-006
  1.10000000000139E+000  1.41741654176224E-001  2.09892361974027E-001  9.30442199868842E-001 -5.67124197812315E-005 -5.13825002455781E-005  3.55691997504601E-005
  1.10000000000140E+000  3.56973059124392E-001  7.21216819861483E-001  9.11561579224439E-001  1.41776702627784E-005 -1.24621409947424E-005  2.81806230588798E-005
  1.10000000000141E+000  2.16257901443447E-001  1.17793009128142E-001  5.83918886158870E-001  6.07187953980607E-006 -2.72492848219614E-005 -1.84739221758764E-005
  1.10000000000142E+000  7.59588331137440E-001  1.50694150318351E-001  6.89367256850397E-002  1.90742141666259E-005 -2.53249766724967E-005  6.08075657089523E-006
  1.10000000000143E+000  8.53536892022646E-001  2.72021020495638E-001  8.26712560422707E-001  5.63767464124598E-005  2.03140817865945E-005 -4.07049384141630E-005
  1.10000000000144E+000  6.37669950659873E-001  7.85024553049627E-001  8.28325100533747E-001 -3.08107296888952E-005  3.95497652765978E-005 -2.47703380618398E-005
  1.10000000000145E+000  2.97465470474983E-001  9.65244377460404E-001  4.64453063075165E-001 -2.19787027885157E-005  3.72552365879055E-005  3.73731781054705E-005
  1.10000000000146E+000  7.00565230137960E-001  9.67750552908300E-001  9.79934669418456E-001 -3.26645019839946E-005 -1.02715221817418E-005  2.45017372311573E-006
  1.10000000000147E+000  9.72991614472699E-001  7.92246531957342E-001  7.26169654656040E-001 -3.10035565230872E-006  1.03238098679987E-005  5.64155881306741E-005
  1.10000000000148E+000  5.21655629262014E-001  3.03025850863309E-001  7.09455737957584E-001 -1.48047709385927E-005  7.09395892261543E-006 -4.71731164609754E-005
  1.10000000000149E+000  7.02929938106153E-001  5.39306940549592E-001  2.77731906871590E-001  4.69409647377150E-006 -1.84175469333185E-005  3.52960752078107E-005
  1.10000000000150E+000  3.02517333884586E-001  5.18269517367071E-001  7.67989400573829E-001  1.94471149135006E-005 -1.88384961328144E-006 -1.59303847667385E-005
  1.10000000000151E+000  3.18468958758390E-002  6.85883329658663E-001  2.52961871509264E-002 -1.45034449631670E-005 -1.24473774945720E-005  7.12024141972349E-006
  1.10000000000152E+000  4.69588586621687E-001  1.97166293230626E-001  2.01218524000554E-002 -2.59628305318994E-005  2.46858314444511E-005  1.03411559418800E-005
  1.10000000000153E+000  8.10551907198799E-001  5.19319796332185E-001  4.70792257952472E-001  3.82678479750778E-006 -2.54642898939957E-005  1.23184765764617E-006
  1.10000000000154E+000  6.96440174798690E-001  3.02168217683454E-002  4.73888839848243E-001 -1.13602350034554E-005 -5.46777135834250E-006 -3.69132787883258E-005
  1.10000000000155E+000  4.58354495271607E-001  7.08498727503198E-001  7.38116353514527E-001 -2.97276936730928E-005 -4.31011940515648E-005 -8.92490356957844E-005
  1.10000000000156E+000  5.40342466481525E-001  7.11570653551867E-001  2.19622493378199E-001 -6.30056484579567E-005 -4.79653166159980E-005  1.49730481392626E-005
  1.10000000000157E+000  1.82261961522171E-001  9.75883995529718E-001  2.70459442200655E-001  4.96728774916298E-005  1.90747224529156E-005 -3.07302276928103E-005
  1.10000000000158E+000  3.07001533102459E-001  4.77545462468936E-001  2.74164205409254E-001  2.88891266314567E-005  1.19006021830167E-006  3.18896514651248E-005
  1.10000000000159E+000  5.34029069782246E-001  8.12624189689573E-001  3.07557598103562E-002 -2.29302621428369E-005 -9.80026515862540E-006 -4.35237104637097E-005
  1.10000000000160E+000  4.81181360069552E-001  8.31980852291223E-001  5.18445648544637E-001  9.01260105728224E-006  1.76730417372890E-005  2.15988289862251E-005
  1.10000000000161E+000  6.12595784165440E-001  5.51015034202046E-001  5.96190400197192E-001 -3.75024550335598E-005 -4.55739852791180E-006 -8.74971380700271E-006
  1.10000000000162E+000  3.84335828832701E-001  5.47000738227518E-001  9.80666673045086E-002 -1.47686433588215E-005 -7.34584946556904E-006 -1.55267007567814E-005
  1.10000000000163E+000  5.66092288963950E-001  1.22243235259786E-001  8.54398163807556E-001  3.55818247933349E-005  1.03775287070521E-005  1.97440333981930E-005
  1.10000000000164E+000  4.32650570203785E-001  1.34643516248646E-001  3.43013026285790E-001 -1.52800301263538E-005 -3.35202305250211E-005  3.59969179044351E-005
  1.10000000000165E+000  3.89659941182355E-001  9.47514921089179E-001  1.47612438410239E-001 -2.15417089770111E-005 -2.59681815601120E-005 -2.13461679834298E-005
  1.10000000000166E+000  6.01076299531544E-001  9.57296353825545E-001  6.68145340072292E-001 -1.58186206306925E-005 -2.06892915320379E-005 -1.42289796082313E-006
  1.10000000000167E+000  4.38044754528892E-001  4.02885911367627E-001  8.94958357148163E-001 -2.26273948717088E-005 -1.82247811337587E-005  9.78197344519974E-006
  1.10000000000168E+000  5.61477252648915E-001  4.12617958857428E-001  4.11207778773767E-001 -4.60308819731428E-005 -7.99620193319609E-005 -4.50387011501053E-005
  1.10000000000169E+000  1.09290084989018E-001  9.31602498204791E-001  5.91460675380671E-001  2.25819472650275E-005  5.46729544560746E-006 -4.72517696182465E-005
  1.10000000000170E+000  3.85396231433867E-001  4.38496040479252E-001  5.88060701168743E-001 -3.74342935383465E-005  4.87113741026283E-006 -1.09289586372489E-005
  1.10000000000171E+000  5.73871339816838E-001  9.23194874735767E-001  3.44884019706985E-001 -3.51365156274345E-005  6.85473080013277E-006  1.97644743057434E-005
  1.10000000000172E+000  9.36756179972619E-001  3.90031295427919E-001  3.38683705412057E-001 -6.34078278897726E-006 -2.24843758261486E-006  8.95056388880509E-006
  1.10000000000173E+000  8.94295813480121E-001  5.44565201359327E-001  1.55499658643542E-001  5.79408687817266E-005 -1.54155170689538E-005 -2.10563741857290E-005
  1.10000000000174E+000  6.20605409594831E-001  5.26539044024311E-002  1.51736934639633E-001  3.66985020562566E-006  2.18502969333783E-006  3.03079968706287E-005
  1.10000000000175E+000  4.54455849315412E-001  6.33808264474598E-001  4.04431238357958E-001 -1.13562408536406E-005 -1.71848580268939E-005  2.55982243344968E-005
  1.10000000000176E+000  5.95668632919489E-002  1.10779631050739E-001  3.88561415680817E-001 -2.32429863650053E-005  6.99969780548741E-007 -1.28137069302321E-005
  1.10000000000177E+000  2.70231449619784E-001  1.45487391393202E-001  1.83124754281748E-001  3.04778530295569E-005 -1.78587151000889E-005  5.61544750889395E-005
  1.10000000000178E+000  2.28855885353205E-001  6.50547251057958E-001  1.78290943896467E-001  2.34623866717845E-005 -6.89937128340921E-005 -6.23570623203089E-006
  1.10000000000179E+000  1.59304904128367E-001  7.71845272254394E-001  4.37805549824054E-001 -9.94064612106328E-005 -9.77211250595076E-006  1.38894491806183E-005
  1.10000000000180E+000  8.68553853580937E-001  7.74410530861255E-001  9.34994728134556E-001 -4.60348357397802E-005  1.91590163693154E-005 -8.77658556962636E-006
  1.10000000000181E+000  7.18088766511497E-001  3.61896844560075E-001  5.66119774977220E-001 -2.53223158974078E-005 -1.39283215363636E-006  1.71279604534872E-005
  1.10000000000182E+000  7.75459874322191E-001  8.53295331106722E-001  5.83860310997896E-001  1.99231524101751E-005  2.86234692630469E-005 -6.91943562561577E-005
  1.10000000000183E+000  8.67399623728908E-001  7.20828039724970E-001  3.30020831061670E-001 -9.34651160150980E-006 -2.37122921186946E-005 -1.33293456093386E-005
  1.10000000000184E+000  1.43810698115219E-001  7.23179500056629E-001  8.25275752697475E-001 -4.32694234755786E-005 -2.85160395957646E-005 -1.05882999592160E-005
  1.10000000000185E+000  2.88538566524390E-001  8.40658888110154E-001  6.77194204560257E-001  4.64709751564135E-005  7.05904161888509E-005 -2.38565848818800E-005
  1.10000000000186E+000  7.41701947688896E-001  8.58607035148505E-001  1.68888283282337E-001  2.95251183646210E-005  1.40128925956862E-005 -5.46108893906046E-006
  1.10000000000187E+000  6.50247120090102E-001  7.31134476674988E-001  4.34611733293766E-001 -5.63861238998783E-005 -1.31940108570519E-005  4.52656359127458E-006
  1.10000000000188E+000  8.60924675075385E-001  2.29750154113305E-001  4.28217341428514E-001 -3.24113389931731E-005 -3.17881412820519E-006  6.73718123012598E-006
  1.10000000000189E+000  7.35676192305763E-001  6.41522857058225E-001  8.73388494010211E-002 -3.18209668633607E-005  1.53273816210547E-006 -3.68636663509239E-005
  1.10000000000190E+000  2.72382995445892E-001  6.33865101788212E-001  5.74234284712786E-001  3.53764705762679E-005  3.31517083786762E-006 -1.75370269327921E-005
  1.10000000000191E+000  3.67990469962805E-001  7.85212527403177E-001  3.13893577689286E-001  1.84214432019714E-005  5.91439391280752E-006 -4.71756907624580E-005
  1.10000000000192E+000  1.35821632351321E-001  2.84168301711873E-001  3.36835157063967E-001 -8.71076101841922E-006  6.14365411329533E-006 -4.07970703653163E-005
