!
!  specorder:   Si  O
!
  1.00000000000000E+000
  5.07892637505523E+000  7.31520921683501E-004 -4.94305221691491E-004
 -2.53814842205664E+000  4.39790670861974E+000  1.75918248146685E-004
 -5.50322423984771E-004 -9.91428302758876E-005  5.51184905535258E+000
  0.00000000000000E+000  0.00000000000000E+000  0.00000000000000E+000
  0.00000000000000E+000  0.00000000000000E+000  0.00000000000000E+000
  0.00000000000000E+000  0.00000000000000E+000  0.00000000000000E+000
         9
  1.10000000000001E+000  4.81704489215458E-001  7.92855251788709E-005  6.66543817793934E-001  9.02182815372948E-006  3.80811678844728E-006 -1.12068783578321E-006
  1.10000000000002E+000  5.18253092744074E-001  5.18291136814610E-001  4.24316204741834E-005 -4.22212764219860E-006  3.39219455518369E-006 -4.61716700052522E-007
  1.10000000000003E+000  4.66232949286446E-005  4.81656441443867E-001  3.33274833518666E-001  5.14418737570243E-006  5.63786723063909E-006  1.17629553463590E-006
  2.10000000000004E+000  4.16909906742225E-001  2.46873987072436E-001  8.01947656755170E-001  9.29912629200890E-006  1.22329323644878E-005  7.35814698047942E-007
  2.10000000000005E+000  7.53130501378025E-001  1.70034644184862E-001  4.68546324315819E-001 -2.27151728009176E-006 -4.87630214174151E-006  2.46250674093101E-006
  2.10000000000006E+000  5.82571102063842E-001  8.29838049474952E-001  8.64958659531534E-001  4.84648814788439E-006 -1.24717040101816E-007 -3.56624937708325E-006
  2.10000000000007E+000  2.47220508254320E-001  4.17034117200494E-001  1.98623718418899E-001 -1.56501288121055E-005  4.31896048341434E-006  6.28433002450200E-006
  2.10000000000008E+000  1.70198303626707E-001  7.53227331829493E-001  5.31241753773972E-001  6.80069221462346E-006 -2.27984268068807E-005  9.09517809720401E-006
  2.10000000000009E+000  8.29914753253871E-001  5.82855422049523E-001  1.34923050247599E-001 -2.04803822520197E-005 -1.12888707142749E-005 -1.42986874216361E-005
