!
!  specorder:  Li  Al  Ti  P   O  
!
     1.000000000
   8.414625790000001   0.023794570000000   0.022821790000000  0.00  0.00  0.00
  -4.279508700000000   7.412326520000000  -0.126057950000000  0.00  0.00  0.00
  -0.000000000000000  -0.000000000000000  21.018641830000000  0.00  0.00  0.00
        111
   1.10000000000001e+00    0.241507970000000   0.924250380000000   0.082881930000000    0.0000    0.0000    0.0000
   1.10000000000002e+00    0.423991910000000   0.627935760000000   0.183365220000000    0.0000    0.0000    0.0000
   1.10000000000003e+00    0.612242140000000   0.441736890000000   0.354858640000000    0.0000    0.0000    0.0000
   1.10000000000004e+00    0.937375120000000   0.948082340000000   0.517430190000000    0.0000    0.0000    0.0000
   1.10000000000005e+00    0.325741210000000   0.603891700000000   0.679565330000000    0.0000    0.0000    0.0000
   1.10000000000006e+00    0.767384410000000   0.314141830000000   0.825491990000000    0.0000    0.0000    0.0000
   1.10000000000007e+00    0.867422780000000   0.221851520000000   0.408751310000000    0.0000    0.0000    0.0000
   1.10000000000008e+00    0.084514600000000   0.637118860000000   0.208540270000000    0.0000    0.0000    0.0000
   1.10000000000009e+00    0.795654400000000   0.979338170000000   0.992421940000000    0.0000    0.0000    0.0000
   3.10000000000010e+00    0.242776660000000   0.630037190000000   0.536969210000000    0.0000    0.0000    0.0000
   3.10000000000011e+00    0.269874380000000   0.624222620000000   0.032167170000000    0.0000    0.0000    0.0000
   3.10000000000012e+00    0.967136310000000   0.977432430000000   0.161504880000000    0.0000    0.0000    0.0000
   3.10000000000013e+00    0.946283970000000   0.964881970000000   0.651469840000000    0.0000    0.0000    0.0000
   3.10000000000014e+00    0.972733560000000   0.998105600000000   0.866446120000000    0.0000    0.0000    0.0000
   3.10000000000015e+00    0.953375900000000   0.973620420000000   0.370986430000000    0.0000    0.0000    0.0000
   3.10000000000016e+00    0.603038770000000   0.289107710000000   0.478634470000000    0.0000    0.0000    0.0000
   3.10000000000017e+00    0.611214560000000   0.300149930000000   0.984022770000000    0.0000    0.0000    0.0000
   3.10000000000018e+00    0.627897200000000   0.303984200000000   0.697000110000000    0.0000    0.0000    0.0000
   4.10000000000019e+00    0.967307970000000   0.277922130000000   0.263562170000000    0.0000    0.0000    0.0000
   4.10000000000020e+00    0.916688130000000   0.608909370000000   0.096246280000000    0.0000    0.0000    0.0000
   4.10000000000021e+00    0.623299210000000   0.039992020000000   0.098037610000000    0.0000    0.0000    0.0000
   4.10000000000022e+00    0.342076400000000   0.330715570000000   0.103650550000000    0.0000    0.0000    0.0000
   4.10000000000023e+00    0.672731790000000   0.673938800000000   0.259730990000000    0.0000    0.0000    0.0000
   4.10000000000024e+00    0.278604550000000   0.000418570000000   0.260843060000000    0.0000    0.0000    0.0000
   4.10000000000025e+00    0.609974260000000   0.581157180000000   0.591651010000000    0.0000    0.0000    0.0000
   4.10000000000026e+00    0.561829090000000   0.912390710000000   0.424050170000000    0.0000    0.0000    0.0000
   4.10000000000027e+00    0.272394330000000   0.358586300000000   0.426483680000000    0.0000    0.0000    0.0000
   4.10000000000028e+00    0.998639310000000   0.645457140000000   0.434411980000000    0.0000    0.0000    0.0000
   4.10000000000029e+00    0.309650440000000   0.014595830000000   0.586289630000000    0.0000    0.0000    0.0000
   4.10000000000030e+00    0.891424880000000   0.295053720000000   0.583214680000000    0.0000    0.0000    0.0000
   4.10000000000031e+00    0.282203710000000   0.917548400000000   0.929937800000000    0.0000    0.0000    0.0000
   4.10000000000032e+00    0.247323700000000   0.270788050000000   0.745274650000000    0.0000    0.0000    0.0000
   4.10000000000033e+00    0.979292910000000   0.692453310000000   0.759657390000000    0.0000    0.0000    0.0000
   4.10000000000034e+00    0.662934680000000   0.972048670000000   0.762794510000000    0.0000    0.0000    0.0000
   4.10000000000035e+00    0.004398390000000   0.352051630000000   0.928538720000000    0.0000    0.0000    0.0000
   4.10000000000036e+00    0.583650490000000   0.654225480000000   0.915542740000000    0.0000    0.0000    0.0000
   5.10000000000037e+00    0.482338210000000   0.625651740000000   0.856889760000000    0.0000    0.0000    0.0000
   5.10000000000038e+00    0.487882790000000   0.646002330000000   0.267628120000000    0.0000    0.0000    0.0000
   5.10000000000039e+00    0.100706220000000   0.494012800000000   0.273208680000000    0.0000    0.0000    0.0000
   5.10000000000040e+00    0.311564070000000   0.846883960000000   0.282655670000000    0.0000    0.0000    0.0000
   5.10000000000041e+00    0.706539600000000   0.507743970000000   0.261779340000000    0.0000    0.0000    0.0000
   5.10000000000042e+00    0.779398350000000   0.235500760000000   0.232805500000000    0.0000    0.0000    0.0000
   5.10000000000043e+00    0.451286310000000   0.188396770000000   0.262479230000000    0.0000    0.0000    0.0000
   5.10000000000044e+00    0.133326500000000   0.680823010000000   0.093907810000000    0.0000    0.0000    0.0000
   5.10000000000045e+00    0.474986050000000   0.850115850000000   0.077627020000000    0.0000    0.0000    0.0000
   5.10000000000046e+00    0.307816330000000   0.500562360000000   0.096846690000000    0.0000    0.0000    0.0000
   5.10000000000047e+00    0.046891230000000   0.647921620000000   0.504487560000000    0.0000    0.0000    0.0000
   5.10000000000048e+00    0.315804590000000   0.843605040000000   0.868931430000000    0.0000    0.0000    0.0000
   5.10000000000049e+00    0.138343610000000   0.449768450000000   0.876796540000000    0.0000    0.0000    0.0000
   5.10000000000050e+00    0.469503280000000   0.666444790000000   0.970843460000000    0.0000    0.0000    0.0000
   5.10000000000051e+00    0.204478180000000   0.795693450000000   0.985138710000000    0.0000    0.0000    0.0000
   5.10000000000052e+00    0.092188940000000   0.428332290000000   0.994989110000000    0.0000    0.0000    0.0000
   5.10000000000053e+00    0.263992100000000   0.470020940000000   0.481224770000000    0.0000    0.0000    0.0000
   5.10000000000054e+00    0.792978820000000   0.016737540000000   0.117088980000000    0.0000    0.0000    0.0000
   5.10000000000055e+00    0.433594560000000   0.825832590000000   0.485289330000000    0.0000    0.0000    0.0000
   5.10000000000056e+00    0.134194190000000   0.670032870000000   0.382015300000000    0.0000    0.0000    0.0000
   5.10000000000057e+00    0.264558010000000   0.441368800000000   0.365516750000000    0.0000    0.0000    0.0000
   5.10000000000058e+00    0.502836630000000   0.795624530000000   0.364002130000000    0.0000    0.0000    0.0000
   5.10000000000059e+00    0.158882360000000   0.158073770000000   0.114036670000000    0.0000    0.0000    0.0000
   5.10000000000060e+00    0.886007390000000   0.775158210000000   0.093642310000000    0.0000    0.0000    0.0000
   5.10000000000061e+00    0.179713750000000   0.945614640000000   0.195180770000000    0.0000    0.0000    0.0000
   5.10000000000062e+00    0.113535720000000   0.984926700000000   0.577367320000000    0.0000    0.0000    0.0000
   5.10000000000063e+00    0.777710540000000   0.770024780000000   0.578783450000000    0.0000    0.0000    0.0000
   5.10000000000064e+00    0.890144820000000   0.113572170000000   0.589533870000000    0.0000    0.0000    0.0000
   5.10000000000065e+00    0.286299180000000   0.826252730000000   0.595389220000000    0.0000    0.0000    0.0000
   5.10000000000066e+00    0.458111850000000   0.618185270000000   0.589169950000000    0.0000    0.0000    0.0000
   5.10000000000067e+00    0.087742880000000   0.461823410000000   0.599646330000000    0.0000    0.0000    0.0000
   5.10000000000068e+00    0.758853390000000   0.961073670000000   0.443229880000000    0.0000    0.0000    0.0000
   5.10000000000069e+00    0.114566810000000   0.158745870000000   0.427970560000000    0.0000    0.0000    0.0000
   5.10000000000070e+00    0.971336690000000   0.810793300000000   0.431117270000000    0.0000    0.0000    0.0000
   5.10000000000071e+00    0.780509360000000   0.036245070000000   0.823725210000000    0.0000    0.0000    0.0000
   5.10000000000072e+00    0.041570970000000   0.176324750000000   0.224300590000000    0.0000    0.0000    0.0000
   5.10000000000073e+00    0.731694290000000   0.807711570000000   0.200512100000000    0.0000    0.0000    0.0000
   5.10000000000074e+00    0.132954850000000   0.999368020000000   0.308576550000000    0.0000    0.0000    0.0000
   5.10000000000075e+00    0.925475720000000   0.175012080000000   0.331547840000000    0.0000    0.0000    0.0000
   5.10000000000076e+00    0.770974760000000   0.766633720000000   0.321525780000000    0.0000    0.0000    0.0000
   5.10000000000077e+00    0.929382870000000   0.784087820000000   0.814787040000000    0.0000    0.0000    0.0000
   5.10000000000078e+00    0.440043790000000   0.338632380000000   0.428335610000000    0.0000    0.0000    0.0000
   5.10000000000079e+00    0.116681580000000   0.153072430000000   0.803904050000000    0.0000    0.0000    0.0000
   5.10000000000080e+00    0.795386650000000   0.972206060000000   0.707882240000000    0.0000    0.0000    0.0000
   5.10000000000081e+00    0.974383090000000   0.789734030000000   0.695399260000000    0.0000    0.0000    0.0000
   5.10000000000082e+00    0.152992730000000   0.187293990000000   0.685258500000000    0.0000    0.0000    0.0000
   5.10000000000083e+00    0.809627740000000   0.443545580000000   0.422759730000000    0.0000    0.0000    0.0000
   5.10000000000084e+00    0.590459280000000   0.108038960000000   0.410069130000000    0.0000    0.0000    0.0000
   5.10000000000085e+00    0.825309630000000   0.309153390000000   0.511227110000000    0.0000    0.0000    0.0000
   5.10000000000086e+00    0.808395660000000   0.315417820000000   0.924572730000000    0.0000    0.0000    0.0000
   5.10000000000087e+00    0.456562540000000   0.080082640000000   0.950328320000000    0.0000    0.0000    0.0000
   5.10000000000088e+00    0.629865120000000   0.496291940000000   0.932043150000000    0.0000    0.0000    0.0000
   5.10000000000089e+00    0.962159570000000   0.158817420000000   0.938744640000000    0.0000    0.0000    0.0000
   5.10000000000090e+00    0.146326520000000   0.997455990000000   0.919622070000000    0.0000    0.0000    0.0000
   5.10000000000091e+00    0.785916900000000   0.826363190000000   0.921530360000000    0.0000    0.0000    0.0000
   5.10000000000092e+00    0.420784710000000   0.264020890000000   0.758134260000000    0.0000    0.0000    0.0000
   5.10000000000093e+00    0.801939200000000   0.487279710000000   0.758257710000000    0.0000    0.0000    0.0000
   5.10000000000094e+00    0.660753220000000   0.143520540000000   0.750078790000000    0.0000    0.0000    0.0000
   5.10000000000095e+00    0.447639800000000   0.390014120000000   0.164494620000000    0.0000    0.0000    0.0000
   5.10000000000096e+00    0.607585400000000   0.424178670000000   0.550100170000000    0.0000    0.0000    0.0000
   5.10000000000097e+00    0.436295530000000   0.091400280000000   0.522500640000000    0.0000    0.0000    0.0000
   5.10000000000098e+00    0.792462340000000   0.325264840000000   0.635673320000000    0.0000    0.0000    0.0000
   5.10000000000099e+00    0.596295370000000   0.507272290000000   0.663565080000000    0.0000    0.0000    0.0000
   5.10000000000100e+00    0.425000020000000   0.129217590000000   0.642964050000000    0.0000    0.0000    0.0000
   5.10000000000101e+00    0.574058780000000   0.144663250000000   0.142493040000000    0.0000    0.0000    0.0000
   5.10000000000102e+00    0.165013740000000   0.690357580000000   0.767303300000000    0.0000    0.0000    0.0000
   5.10000000000103e+00    0.849667020000000   0.495269830000000   0.153816590000000    0.0000    0.0000    0.0000
   5.10000000000104e+00    0.431360830000000   0.288632470000000   0.053732280000000    0.0000    0.0000    0.0000
   5.10000000000105e+00    0.673554440000000   0.152830260000000   0.033417900000000    0.0000    0.0000    0.0000
   5.10000000000106e+00    0.825311390000000   0.518182450000000   0.037604950000000    0.0000    0.0000    0.0000
   5.10000000000107e+00    0.499612560000000   0.786720570000000   0.760268850000000    0.0000    0.0000    0.0000
   5.10000000000108e+00    0.273020360000000   0.467661300000000   0.750695350000000    0.0000    0.0000    0.0000
   2.10000000000109e+00    0.299619510000000   0.642196510000000   0.825673910000000    0.0000    0.0000    0.0000
   2.10000000000110e+00    0.298865740000000   0.648379590000000   0.329260760000000    0.0000    0.0000    0.0000
   2.10000000000111e+00    0.634545730000000   0.320020790000000   0.198934730000000    0.0000    0.0000    0.0000
