       216
  1.62810000000000E+001  0.00000000000000E+000  0.00000000000000E+000
  0.00000000000000E+000  1.62810000000000E+001  0.00000000000000E+000
  0.00000000000000E+000  0.00000000000000E+000  1.62810000000000E+001
  0.00000000000000E+000  0.00000000000000E+000  0.00000000000000E+000
  0.00000000000000E+000  0.00000000000000E+000  0.00000000000000E+000
  0.00000000000000E+000  0.00000000000000E+000  0.00000000000000E+000
  1.10000000000001E+000  0.00000000000000E+000  0.00000000000000E+000  0.00000000000000E+000  0.00000000000000E+000  0.00000000000000E+000  0.00000000000000E+000  0.00000000000000E+00 -4.33280826405380E+00 -1.59580880761581E-12 -2.15031122708533E-12 -2.14522404892506E-12 -2.15031122708533E-12 -1.59580880761581E-12 -2.14522404892506E-12  2.01173442035468E+01  2.01173442035468E+01  2.01173442035473E+01
  1.10000000000002E+000  1.66666666666667E-001  1.66666666666667E-001  0.00000000000000E+000  0.00000000000000E+000  0.00000000000000E+000  0.00000000000000E+000  0.00000000000000E+00 -4.33280826405380E+00  4.66431256500860E-12  3.50952312262714E-12  5.62070205913959E-12  3.50952312262714E-12  4.66431256500860E-12  5.62070205913959E-12  2.01173442035448E+01  2.01173442035448E+01  2.01173442035420E+01
  1.10000000000003E+000  0.00000000000000E+000  1.66666666666667E-001  1.66666666666667E-001  0.00000000000000E+000  0.00000000000000E+000  0.00000000000000E+000  0.00000000000000E+00 -4.33280826405380E+00  2.83292842731108E-12  5.62833282637999E-12  5.63342000454026E-12 -3.80205572494111E-14 -1.00204081862080E-12 -2.14665590468173E-12  2.01173442035448E+01  2.01173442035427E+01  2.01173442035439E+01
  1.10000000000004E+000  1.66666666666667E-001  0.00000000000000E+000  1.66666666666667E-001  0.00000000000000E+000  0.00000000000000E+000  0.00000000000000E+000  0.00000000000000E+00 -4.33280826405380E+00 -1.00204081862080E-12 -3.80205572494111E-14 -2.14665590468173E-12  5.62833282637999E-12  2.83292842731108E-12  5.63342000454026E-12  2.01173442035427E+01  2.01173442035448E+01  2.01173442035439E+01
  1.10000000000005E+000  8.33333333333333E-002  8.33333333333333E-002  8.33333333333333E-002  0.00000000000000E+000  0.00000000000000E+000  0.00000000000000E+000  0.00000000000000E+00 -4.33280826405380E+00  2.24839626848421E-12  3.06743195228786E-12  3.06234477412758E-12  3.06743195228785E-12  2.24839626848421E-12  3.06234477412758E-12  2.01173442035367E+01  2.01173442035367E+01  2.01173442035359E+01
  1.10000000000006E+000  2.50000000000000E-001  2.50000000000000E-001  8.33333333333333E-002  0.00000000000000E+000  0.00000000000000E+000  0.00000000000000E+000  0.00000000000000E+00 -4.33280826405380E+00 -2.45186335977975E-12  6.51315317985629E-13 -1.34653707776250E-13  6.50203584662173E-13 -2.45297509310321E-12 -1.35765441099706E-13  2.01173442035482E+01  2.01173442035482E+01  2.01173442035527E+01
  1.10000000000007E+000  8.33333333333333E-002  2.50000000000000E-001  2.50000000000000E-001  0.00000000000000E+000  0.00000000000000E+000  0.00000000000000E+000  0.00000000000000E+00 -4.33280826405380E+00  4.41471542326273E-12 -1.51026975580521E-13 -1.48483386500384E-13  2.29241150335110E-12 -2.47981486523955E-14  3.09109847451366E-12  2.01173442035477E+01  2.01173442035485E+01  2.01173442035454E+01
  1.10000000000008E+000  2.50000000000000E-001  8.33333333333333E-002  2.50000000000000E-001  0.00000000000000E+000  0.00000000000000E+000  0.00000000000000E+000  0.00000000000000E+00 -4.33280826405380E+00 -2.47981486523954E-14  2.29241150335110E-12  3.09109847451366E-12 -1.51026975580521E-13  4.41471542326273E-12 -1.48483386500384E-13  2.01173442035485E+01  2.01173442035477E+01  2.01173442035454E+01
  1.10000000000009E+000  0.00000000000000E+000  0.00000000000000E+000  3.33333333333333E-001  0.00000000000000E+000  0.00000000000000E+000  0.00000000000000E+000  0.00000000000000E+00 -4.33280826405380E+00 -3.02656896999919E-12 -3.95752257332877E-12 -2.15920509367296E-12 -3.95863430665222E-12 -3.02768070332265E-12 -2.16031682699642E-12  2.01173442035428E+01  2.01173442035428E+01  2.01173442035462E+01
  1.10000000000010E+000  1.66666666666667E-001  1.66666666666667E-001  3.33333333333333E-001  0.00000000000000E+000  0.00000000000000E+000  0.00000000000000E+000  0.00000000000000E+00 -4.33280826405380E+00  3.38284479040149E-12  1.85669134232024E-12  5.77381852572888E-12  1.85669134232024E-12  3.38284479040149E-12  5.77381852572888E-12  2.01173442035408E+01  2.01173442035408E+01  2.01173442035409E+01
  1.10000000000011E+000  0.00000000000000E+000  1.66666666666667E-001  5.00000000000000E-001  0.00000000000000E+000  0.00000000000000E+000  0.00000000000000E+000  0.00000000000000E+00 -4.33280826405380E+00  4.26813552298827E-12  3.97053560061243E-12  5.64167362626147E-12 -1.68864111384791E-12  4.09819877263852E-13 -2.16174868275311E-12  2.01173442035489E+01  2.01173442035468E+01  2.01173442035451E+01
  1.10000000000012E+000  1.66666666666667E-001  0.00000000000000E+000  5.00000000000000E-001  0.00000000000000E+000  0.00000000000000E+000  0.00000000000000E+000  0.00000000000000E+00 -4.33280826405380E+00  4.09819877263852E-13 -1.68864111384791E-12 -2.16174868275311E-12  3.97053560061243E-12  4.26813552298827E-12  5.64167362626147E-12  2.01173442035468E+01  2.01173442035489E+01  2.01173442035451E+01
  1.10000000000013E+000  8.33333333333333E-002  8.33333333333333E-002  4.16666666666667E-001  0.00000000000000E+000  0.00000000000000E+000  0.00000000000000E+000  0.00000000000000E+00 -4.33280826405380E+00  2.21815854118450E-12 -4.05485619757856E-14  3.10587113015178E-12 -4.05485619757854E-14  2.21815854118450E-12  3.10587113015178E-12  2.01173442035364E+01  2.01173442035364E+01  2.01173442035357E+01
  1.10000000000014E+000  2.50000000000000E-001  2.50000000000000E-001  4.16666666666667E-001  0.00000000000000E+000  0.00000000000000E+000  0.00000000000000E+000  0.00000000000000E+00 -4.33280826405380E+00 -2.36156239968925E-12 -2.33103933072760E-12  3.95856919587195E-14 -2.33103933072760E-12 -2.36156239968925E-12  3.95856919587197E-14  2.01173442035480E+01  2.01173442035480E+01  2.01173442035527E+01
  1.10000000000015E+000  8.33333333333333E-002  2.50000000000000E-001  5.83333333333333E-001  0.00000000000000E+000  0.00000000000000E+000  0.00000000000000E+000  0.00000000000000E+00 -4.33280826405380E+00  2.24009812577060E-12  1.83058028386880E-12 -1.40701253236187E-13  4.24096949514435E-12 -2.24772624828133E-12  3.07600569644228E-12  2.01173442035422E+01  2.01173442035430E+01  2.01173442035443E+01
  1.10000000000016E+000  2.50000000000000E-001  8.33333333333333E-002  5.83333333333333E-001  0.00000000000000E+000  0.00000000000000E+000  0.00000000000000E+000  0.00000000000000E+00 -4.33280826405380E+00 -2.24772624828133E-12  4.24096949514435E-12  3.07600569644228E-12  1.83058028386880E-12  2.24009812577060E-12 -1.40701253236187E-13  2.01173442035430E+01  2.01173442035422E+01  2.01173442035443E+01
  1.10000000000017E+000  0.00000000000000E+000  0.00000000000000E+000  6.66666666666667E-001  0.00000000000000E+000  0.00000000000000E+000  0.00000000000000E+000  0.00000000000000E+00 -4.33280826405380E+00 -2.77947368308300E-12  4.66145983169915E-13 -2.03674567168343E-12  4.66145983169915E-13 -2.77947368308300E-12 -2.03674567168343E-12  2.01173442035431E+01  2.01173442035431E+01  2.01173442035462E+01
  1.10000000000018E+000  1.66666666666667E-001  1.66666666666667E-001  6.66666666666667E-001  0.00000000000000E+000  0.00000000000000E+000  0.00000000000000E+000  0.00000000000000E+00 -4.33280826405380E+00  3.50670643482356E-12  6.14695190000425E-12  5.75269559258325E-12  6.14695190000425E-12  3.50670643482356E-12  5.75269559258326E-12  2.01173442035412E+01  2.01173442035412E+01  2.01173442035409E+01
  1.10000000000019E+000  0.00000000000000E+000  1.66666666666667E-001  8.33333333333333E-001  0.00000000000000E+000  0.00000000000000E+000  0.00000000000000E+000  0.00000000000000E+00 -4.33280826405380E+00  2.19810810982934E-12  2.12943120466568E-12  5.65484566973349E-12 -3.61979590899457E-12 -1.76551946957583E-12 -2.22336550400019E-12  2.01173442035433E+01  2.01173442035413E+01  2.01173442035438E+01
  1.10000000000020E+000  1.66666666666667E-001  0.00000000000000E+000  8.33333333333333E-001  0.00000000000000E+000  0.00000000000000E+000  0.00000000000000E+000  0.00000000000000E+00 -4.33280826405380E+00 -1.76551946957583E-12 -3.61979590899457E-12 -2.22336550400019E-12  2.12831947134223E-12  2.19699637650589E-12  5.65373393641004E-12  2.01173442035413E+01  2.01173442035433E+01  2.01173442035438E+01
  1.10000000000021E+000  8.33333333333333E-002  8.33333333333333E-002  7.50000000000000E-001  0.00000000000000E+000  0.00000000000000E+000  0.00000000000000E+000  0.00000000000000E+00 -4.33280826405380E+00  4.39031405407755E-12  2.37579150261028E-12  3.18719641917349E-12  2.37579150261028E-12  4.39031405407755E-12  3.18719641917349E-12  2.01173442035419E+01  2.01173442035419E+01  2.01173442035370E+01
  1.10000000000022E+000  2.50000000000000E-001  2.50000000000000E-001  7.50000000000000E-001  0.00000000000000E+000  0.00000000000000E+000  0.00000000000000E+000  0.00000000000000E+00 -4.33280826405380E+00 -3.81265263296962E-13 -1.06557642642297E-13 -9.63832863217506E-14 -1.06557642642297E-13 -3.81265263296962E-13 -9.63832863217506E-14  2.01173442035533E+01  2.01173442035533E+01  2.01173442035538E+01
  1.10000000000023E+000  8.33333333333333E-002  2.50000000000000E-001  9.16666666666667E-001  0.00000000000000E+000  0.00000000000000E+000  0.00000000000000E+000  0.00000000000000E+00 -4.33280826405380E+00  2.12248756398923E-12 -2.08715236363497E-12 -1.61655429972418E-13  3.82967715059562E-13 -2.30560594264366E-12  3.08934649632375E-12  2.01173442035421E+01  2.01173442035430E+01  2.01173442035444E+01
  1.10000000000024E+000  2.50000000000000E-001  8.33333333333333E-002  9.16666666666667E-001  0.00000000000000E+000  0.00000000000000E+000  0.00000000000000E+000  0.00000000000000E+00 -4.33280826405380E+00 -2.30560594264366E-12  3.82967715059562E-13  3.08934649632375E-12 -2.08715236363497E-12  2.12248756398923E-12 -1.61655429972418E-13  2.01173442035430E+01  2.01173442035421E+01  2.01173442035444E+01
  1.10000000000025E+000  0.00000000000000E+000  3.33333333333333E-001  0.00000000000000E+000  0.00000000000000E+000  0.00000000000000E+000  0.00000000000000E+000  0.00000000000000E+00 -4.33280826405380E+00 -7.73063278397306E-12 -6.86072531856669E-12 -8.64123767466155E-12 -2.35487015860115E-12  1.01792896165842E-12 -2.36504451492169E-12  2.01173442035411E+01  2.01173442035429E+01  2.01173442035420E+01
  1.10000000000026E+000  1.66666666666667E-001  5.00000000000000E-001  0.00000000000000E+000  0.00000000000000E+000  0.00000000000000E+000  0.00000000000000E+000  0.00000000000000E+00 -4.33280826405380E+00  1.68149143327328E-12 -9.15513017545047E-13 -4.39861859559710E-13  3.31973684674944E-12  1.65877317742092E-12  5.43091578326192E-12  2.01173442035471E+01  2.01173442035487E+01  2.01173442035474E+01
  1.10000000000027E+000  0.00000000000000E+000  5.00000000000000E-001  1.66666666666667E-001  0.00000000000000E+000  0.00000000000000E+000  0.00000000000000E+000  0.00000000000000E+00 -4.33280826405380E+00  6.45204609788714E-14  1.42025344069112E-12 -2.38166639557241E-13 -4.29389790002235E-14 -3.82525594116177E-12 -2.15666150459285E-12  2.01173442035474E+01  2.01173442035469E+01  2.01173442035495E+01
  1.10000000000028E+000  1.66666666666667E-001  3.33333333333333E-001  1.66666666666667E-001  0.00000000000000E+000  0.00000000000000E+000  0.00000000000000E+000  0.00000000000000E+00 -4.33280826405380E+00 -7.14368656094257E-12 -4.76543077101586E-12 -8.65712206362314E-12  5.69057250210782E-12  5.75416222911114E-12  5.69820326934823E-12  2.01173442035371E+01  2.01173442035411E+01  2.01173442035387E+01
  1.10000000000029E+000  8.33333333333333E-002  4.16666666666667E-001  8.33333333333333E-002  0.00000000000000E+000  0.00000000000000E+000  0.00000000000000E+000  0.00000000000000E+00 -4.33280826405380E+00 -6.37252497159014E-12 -5.49498673894340E-12 -8.62360130751002E-12  2.92846528685589E-12  2.24932700245963E-12  2.92592169777575E-12  2.01173442035334E+01  2.01173442035365E+01  2.01173442035357E+01
  1.10000000000030E+000  2.50000000000000E-001  5.83333333333333E-001  8.33333333333333E-002  0.00000000000000E+000  0.00000000000000E+000  0.00000000000000E+000  0.00000000000000E+00 -4.33280826405380E+00  8.86570112973227E-13  6.20521487953657E-12  7.36763508915850E-12  4.58513964570789E-13  1.73285209371859E-12 -3.55434541072561E-13  2.01173442035439E+01  2.01173442035420E+01  2.01173442035444E+01
  1.10000000000031E+000  8.33333333333333E-002  5.83333333333333E-001  2.50000000000000E-001  0.00000000000000E+000  0.00000000000000E+000  0.00000000000000E+000  0.00000000000000E+00 -4.33280826405380E+00  8.00603602005401E-12  5.60743151748627E-12  7.58125664367140E-12  2.29512384884069E-12  4.38849766179210E-12  3.09126723092309E-12  2.01173442035439E+01  2.01173442035427E+01  2.01173442035374E+01
  1.10000000000032E+000  2.50000000000000E-001  4.16666666666667E-001  2.50000000000000E-001  0.00000000000000E+000  0.00000000000000E+000  0.00000000000000E+000  0.00000000000000E+00 -4.33280826405380E+00 -9.05197354024505E-12 -6.65336903767721E-12 -9.00364534772244E-12  1.52615344808107E-14  4.71327056549102E-12  3.81538362020311E-14  2.01173442035454E+01  2.01173442035478E+01  2.01173442035454E+01
  1.10000000000033E+000  0.00000000000000E+000  3.33333333333333E-001  3.33333333333333E-001  0.00000000000000E+000  0.00000000000000E+000  0.00000000000000E+000  0.00000000000000E+00 -4.33280826405380E+00 -9.19078689160893E-12 -8.66680754110102E-12 -8.66680754110102E-12 -4.04644384881954E-12 -2.97193544699941E-13 -2.26593149272468E-12  2.01173442035372E+01  2.01173442035390E+01  2.01173442035410E+01
  1.10000000000034E+000  1.66666666666667E-001  5.00000000000000E-001  3.33333333333333E-001  0.00000000000000E+000  0.00000000000000E+000  0.00000000000000E+000  0.00000000000000E+00 -4.33280826405380E+00  1.58777527476274E-13 -2.77652427100005E-12 -5.61058182202044E-13  1.71518108780813E-12  4.23037835099285E-13  5.63993903845723E-12  2.01173442035436E+01  2.01173442035453E+01  2.01173442035467E+01
  1.10000000000035E+000  0.00000000000000E+000  5.00000000000000E-001  5.00000000000000E-001  0.00000000000000E+000  0.00000000000000E+000  0.00000000000000E+000  0.00000000000000E+00 -4.33280826405380E+00  1.24830706914569E-12 -4.73702738106039E-13 -4.86420683506716E-13 -1.89464929150608E-12 -2.59922346670365E-12 -2.35249532593047E-12  2.01173442035513E+01  2.01173442035508E+01  2.01173442035505E+01
  1.10000000000036E+000  1.66666666666667E-001  3.33333333333333E-001  5.00000000000000E-001  0.00000000000000E+000  0.00000000000000E+000  0.00000000000000E+000  0.00000000000000E+00 -4.33280826405380E+00 -5.86270766517814E-12 -6.56219466221537E-12 -8.77257357285310E-12  3.96880101280817E-12  7.09487199229463E-12  5.62213391489626E-12  2.01173442035411E+01  2.01173442035450E+01  2.01173442035398E+01
  1.10000000000037E+000  8.33333333333333E-002  4.16666666666667E-001  4.16666666666667E-001  0.00000000000000E+000  0.00000000000000E+000  0.00000000000000E+000  0.00000000000000E+00 -4.33280826405380E+00 -6.47312202070078E-12 -8.65806504053716E-12 -8.65297786237689E-12 -2.25416416102655E-13  2.17318808646501E-12  2.91591609786470E-12  2.01173442035334E+01  2.01173442035366E+01  2.01173442035358E+01
  1.10000000000038E+000  2.50000000000000E-001  5.83333333333333E-001  4.16666666666667E-001  0.00000000000000E+000  0.00000000000000E+000  0.00000000000000E+000  0.00000000000000E+00 -4.33280826405380E+00  8.35360818551638E-13  3.09152433263181E-12  7.39782064530125E-12 -2.51034851823714E-12  1.87225546683623E-12 -1.80420920833057E-13  2.01173442035439E+01  2.01173442035420E+01  2.01173442035445E+01
  1.10000000000039E+000  8.33333333333333E-002  5.83333333333333E-001  5.83333333333333E-001  0.00000000000000E+000  0.00000000000000E+000  0.00000000000000E+000  0.00000000000000E+00 -4.33280826405380E+00  5.55358458656486E-12  7.36716360070148E-12  7.35190206622066E-12  4.04737653083927E-12  1.98961296500959E-12  2.86969478673656E-12  2.01173442035382E+01  2.01173442035370E+01  2.01173442035361E+01
  1.10000000000040E+000  2.50000000000000E-001  4.16666666666667E-001  5.83333333333333E-001  0.00000000000000E+000  0.00000000000000E+000  0.00000000000000E+000  0.00000000000000E+00 -4.33280826405380E+00 -1.08883385657447E-11 -4.32587873899505E-12 -8.62200069534395E-12  1.79451593867556E-12  2.34393117998473E-12 -1.46242529467843E-13  2.01173442035396E+01  2.01173442035420E+01  2.01173442035440E+01
  1.10000000000041E+000  0.00000000000000E+000  3.33333333333333E-001  6.66666666666667E-001  0.00000000000000E+000  0.00000000000000E+000  0.00000000000000E+000  0.00000000000000E+00 -4.33280826405380E+00 -9.00990672525741E-12 -4.32715922872796E-12 -8.64108630863777E-12  1.53277430821878E-13 -2.71501945560850E-13 -2.38268088207323E-12  2.01173442035375E+01  2.01173442035393E+01  2.01173442035410E+01
  1.10000000000042E+000  1.66666666666667E-001  5.00000000000000E-001  6.66666666666667E-001  0.00000000000000E+000  0.00000000000000E+000  0.00000000000000E+000  0.00000000000000E+00 -4.33280826405380E+00  4.04120836202570E-13  1.61995641650739E-12 -4.30176382081813E-13  5.90285944768669E-12  4.29055747235061E-13  5.48571083854446E-12  2.01173442035437E+01  2.01173442035454E+01  2.01173442035466E+01
  1.10000000000043E+000  0.00000000000000E+000  5.00000000000000E-001  8.33333333333333E-001  0.00000000000000E+000  0.00000000000000E+000  0.00000000000000E+000  0.00000000000000E+00 -4.33280826405380E+00 -1.01261835321442E-12 -2.49807437601353E-12 -6.59059471075551E-13 -3.60536076617532E-12 -4.54648872582547E-12 -2.19875600486037E-12  2.01173442035456E+01  2.01173442035452E+01  2.01173442035491E+01
  1.10000000000044E+000  1.66666666666667E-001  3.33333333333333E-001  8.33333333333333E-001  0.00000000000000E+000  0.00000000000000E+000  0.00000000000000E+000  0.00000000000000E+00 -4.33280826405380E+00 -7.94304341029572E-12 -8.42123815736118E-12 -8.79260216306097E-12  2.10435021706887E-12  4.99386741210270E-12  5.63485186029696E-12  2.01173442035353E+01  2.01173442035392E+01  2.01173442035382E+01
  1.10000000000045E+000  8.33333333333333E-002  4.16666666666667E-001  7.50000000000000E-001  0.00000000000000E+000  0.00000000000000E+000  0.00000000000000E+000  0.00000000000000E+00 -4.33280826405380E+00 -4.52408739300342E-12 -6.49791251918855E-12 -8.84310165107345E-12  2.26254606964158E-12  4.41950960959637E-12  3.07140739712467E-12  2.01173442035387E+01  2.01173442035418E+01  2.01173442035369E+01
  1.10000000000046E+000  2.50000000000000E-001  5.83333333333333E-001  7.50000000000000E-001  0.00000000000000E+000  0.00000000000000E+000  0.00000000000000E+000  0.00000000000000E+00 -4.33280826405380E+00  2.92049840016757E-12  5.39032339697919E-12  7.35651775592395E-12 -3.01599853089692E-13  3.85208111477154E-12 -2.96512674929420E-13  2.01173442035495E+01  2.01173442035475E+01  2.01173442035458E+01
  1.10000000000047E+000  8.33333333333333E-002  5.83333333333333E-001  9.16666666666667E-001  0.00000000000000E+000  0.00000000000000E+000  0.00000000000000E+000  0.00000000000000E+00 -4.33280826405380E+00  5.46710255784025E-12  3.49582102073528E-12  7.33664053173983E-12  1.58548949745352E-13  1.91616900411889E-12  2.87255849824988E-12  2.01173442035382E+01  2.01173442035370E+01  2.01173442035363E+01
  1.10000000000048E+000  2.50000000000000E-001  4.16666666666667E-001  9.16666666666667E-001  0.00000000000000E+000  0.00000000000000E+000  0.00000000000000E+000  0.00000000000000E+00 -4.33280826405380E+00 -1.09370042710861E-11 -8.18992806453979E-12 -8.60707667368201E-12 -2.15847205274557E-12  2.19106527428601E-12 -2.35518708163120E-13  2.01173442035396E+01  2.01173442035419E+01  2.01173442035441E+01
  1.10000000000049E+000  0.00000000000000E+000  6.66666666666667E-001  0.00000000000000E+000  0.00000000000000E+000  0.00000000000000E+000  0.00000000000000E+000  0.00000000000000E+00 -4.33280826405380E+00  4.11707961076909E-12  4.86489480032893E-12  7.36778645518227E-12 -2.03563393835997E-12  1.06245756124501E-12 -2.04580829468051E-12  2.01173442035455E+01  2.01173442035430E+01  2.01173442035423E+01
  1.10000000000050E+000  1.66666666666667E-001  8.33333333333333E-001  0.00000000000000E+000  0.00000000000000E+000  0.00000000000000E+000  0.00000000000000E+000  0.00000000000000E+00 -4.33280826405380E+00 -5.32257722579108E-12 -5.78805402745585E-12 -7.19211519969063E-12  3.56036012345850E-12  6.05562101107137E-12  5.66899547089085E-12  2.01173442035397E+01  2.01173442035432E+01  2.01173442035398E+01
  1.10000000000051E+000  0.00000000000000E+000  8.33333333333333E-001  1.66666666666667E-001  0.00000000000000E+000  0.00000000000000E+000  0.00000000000000E+000  0.00000000000000E+00 -4.33280826405380E+00 -7.13504450660420E-12 -3.69102489210072E-12 -7.21389576808840E-12 -1.21249190484799E-13  2.80637884176542E-13 -2.21971018159660E-12  2.01173442035398E+01  2.01173442035412E+01  2.01173442035417E+01
  1.10000000000052E+000  1.66666666666667E-001  6.66666666666667E-001  1.66666666666667E-001  0.00000000000000E+000  0.00000000000000E+000  0.00000000000000E+000  0.00000000000000E+00 -4.33280826405380E+00  4.78314504656003E-12  7.02404702615945E-12  7.41830333358045E-12  5.73377873569884E-12  5.50739930756670E-12  5.75921462650020E-12  2.01173442035415E+01  2.01173442035411E+01  2.01173442035388E+01
  1.10000000000053E+000  8.33333333333333E-002  7.50000000000000E-001  8.33333333333333E-002  0.00000000000000E+000  0.00000000000000E+000  0.00000000000000E+000  0.00000000000000E+00 -4.33280826405380E+00  2.09697696419810E-12  8.83684972973492E-13  6.71928782500053E-14  3.16430411745228E-12 -1.71175614916748E-12  3.17447847377282E-12  2.01173442035413E+01  2.01173442035422E+01  2.01173442035434E+01
  1.10000000000054E+000  2.50000000000000E-001  9.16666666666667E-001  8.33333333333333E-002  0.00000000000000E+000  0.00000000000000E+000  0.00000000000000E+000  0.00000000000000E+00 -4.33280826405380E+00 -9.85889089861044E-12 -4.44867692516221E-12 -7.15505570642641E-12  6.40686863593721E-13  2.06764033754966E-12 -1.75805231129779E-13  2.01173442035403E+01  2.01173442035422E+01  2.01173442035445E+01
  1.10000000000055E+000  8.33333333333333E-002  9.16666666666667E-001  2.50000000000000E-001  0.00000000000000E+000  0.00000000000000E+000  0.00000000000000E+000  0.00000000000000E+00 -4.33280826405380E+00 -2.95272642360936E-12 -5.25467454113196E-12 -7.16236635123357E-12  2.28191702459733E-12  4.55334207315825E-12  3.09332194116055E-12  2.01173442035400E+01  2.01173442035427E+01  2.01173442035373E+01
  1.10000000000056E+000  2.50000000000000E-001  7.50000000000000E-001  2.50000000000000E-001  0.00000000000000E+000  0.00000000000000E+000  0.00000000000000E+000  0.00000000000000E+00 -4.33280826405379E+00 -1.59087355015284E-13  1.35968978280470E-13  1.20707443799653E-13 -9.52715529982961E-14  3.88010372227431E-13 -1.05445909318838E-13  2.01173442035533E+01  2.01173442035533E+01  2.01173442035530E+01
  1.10000000000057E+000  0.00000000000000E+000  6.66666666666667E-001  3.33333333333333E-001  0.00000000000000E+000  0.00000000000000E+000  0.00000000000000E+000  0.00000000000000E+00 -4.33280826405380E+00  2.84100174636984E-12  3.20473498482920E-12  7.52883642105956E-12 -3.98944271727575E-12 -5.07269266570341E-13 -2.20129959394053E-12  2.01173442035417E+01  2.01173442035392E+01  2.01173442035413E+01
  1.10000000000058E+000  1.66666666666667E-001  8.33333333333333E-001  3.33333333333333E-001  0.00000000000000E+000  0.00000000000000E+000  0.00000000000000E+000  0.00000000000000E+00 -4.33280826405380E+00 -6.71663279811475E-12 -7.57636590720054E-12 -7.20500190150076E-12  1.71883641021173E-12  4.59309207076478E-12  5.64105077178069E-12  2.01173442035357E+01  2.01173442035392E+01  2.01173442035386E+01
  1.10000000000059E+000  0.00000000000000E+000  8.33333333333333E-001  5.00000000000000E-001  0.00000000000000E+000  0.00000000000000E+000  0.00000000000000E+000  0.00000000000000E+00 -4.33280826405380E+00 -5.73192631128344E-12 -5.37582384006443E-12 -7.21992592316268E-12 -1.74854073767638E-12  1.72600194578865E-12 -2.19875600486037E-12  2.01173442035435E+01  2.01173442035449E+01  2.01173442035426E+01
  1.10000000000060E+000  1.66666666666667E-001  6.66666666666667E-001  5.00000000000000E-001  0.00000000000000E+000  0.00000000000000E+000  0.00000000000000E+000  0.00000000000000E+00 -4.33280826405380E+00  6.15225360692502E-12  5.31541279956051E-12  7.38080713263052E-12  3.80805377897850E-12  6.68994020677193E-12  5.48936616094804E-12  2.01173442035456E+01  2.01173442035451E+01  2.01173442035401E+01
  1.10000000000061E+000  8.33333333333333E-002  7.50000000000000E-001  4.16666666666667E-001  0.00000000000000E+000  0.00000000000000E+000  0.00000000000000E+000  0.00000000000000E+00 -4.33280826405380E+00  2.12296614793761E-12 -2.21130964461324E-12  1.54228199912752E-13 -8.26430622433524E-14 -1.89876566546009E-12  3.07649457528495E-12  2.01173442035413E+01  2.01173442035421E+01  2.01173442035434E+01
  1.10000000000062E+000  2.50000000000000E-001  9.16666666666667E-001  4.16666666666667E-001  0.00000000000000E+000  0.00000000000000E+000  0.00000000000000E+000  0.00000000000000E+00 -4.33280826405380E+00 -1.00587523359419E-11 -7.72882473853775E-12 -7.28878382767430E-12 -2.56290271648711E-12  1.95959866799371E-12 -2.20257173682307E-13  2.01173442035400E+01  2.01173442035420E+01  2.01173442035444E+01
  1.10000000000063E+000  8.33333333333333E-002  9.16666666666667E-001  5.83333333333333E-001  0.00000000000000E+000  0.00000000000000E+000  0.00000000000000E+000  0.00000000000000E+00 -4.33280826405380E+00 -5.31559894635560E-12 -3.43079943797521E-12 -7.27161894897976E-12  4.06041459867315E-12  2.14509202133109E-12  2.87255849824987E-12  2.01173442035343E+01  2.01173442035370E+01  2.01173442035361E+01
  1.10000000000064E+000  2.50000000000000E-001  7.50000000000000E-001  5.83333333333333E-001  0.00000000000000E+000  0.00000000000000E+000  0.00000000000000E+000  0.00000000000000E+00 -4.33280826405380E+00 -2.44647859701905E-12  2.00480229321814E-12  2.84335779528373E-14  1.68128789609256E-12 -2.02217780458479E-12 -2.89993641012469E-13  2.01173442035477E+01  2.01173442035477E+01  2.01173442035519E+01
  1.10000000000065E+000  0.00000000000000E+000  6.66666666666667E-001  6.66666666666667E-001  0.00000000000000E+000  0.00000000000000E+000  0.00000000000000E+000  0.00000000000000E+00 -4.33280826405380E+00  2.82908055930654E-12  7.35666912194770E-12  7.35666912194770E-12  4.57252116582250E-13 -2.39691291374936E-13 -2.05072671643131E-12  2.01173442035417E+01  2.01173442035392E+01  2.01173442035411E+01
  1.10000000000066E+000  1.66666666666667E-001  8.33333333333333E-001  6.66666666666667E-001  0.00000000000000E+000  0.00000000000000E+000  0.00000000000000E+000  0.00000000000000E+00 -4.33280826405380E+00 -6.77053190019312E-12 -3.42316867073480E-12 -7.36064456678451E-12  5.88982137985274E-12  4.60276530530414E-12  5.47775994887079E-12  2.01173442035361E+01  2.01173442035396E+01  2.01173442035388E+01
  1.10000000000067E+000  0.00000000000000E+000  8.33333333333333E-001  8.33333333333333E-001  0.00000000000000E+000  0.00000000000000E+000  0.00000000000000E+000  0.00000000000000E+00 -4.33280826405380E+00 -7.95695614485968E-12 -7.35666912194770E-12 -7.35666912194770E-12 -3.46893768982347E-12 -2.38579558051481E-13 -2.04961498310785E-12  2.01173442035378E+01  2.01173442035392E+01  2.01173442035411E+01
  1.10000000000068E+000  1.66666666666667E-001  6.66666666666667E-001  8.33333333333333E-001  0.00000000000000E+000  0.00000000000000E+000  0.00000000000000E+000  0.00000000000000E+00 -4.33280826405380E+00  4.01439307064965E-12  3.42428040405826E-12  7.36175630010797E-12  1.95234548380305E-12  4.60276530530414E-12  5.47775994887079E-12  2.01173442035401E+01  2.01173442035396E+01  2.01173442035388E+01
  1.10000000000069E+000  8.33333333333333E-002  7.50000000000000E-001  7.50000000000000E-001  0.00000000000000E+000  0.00000000000000E+000  0.00000000000000E+000  0.00000000000000E+00 -4.33280826405380E+00  4.05448099373600E-12 -1.57986807416762E-29 -3.15973614833524E-29  2.05003624845212E-12  1.51649843436788E-14  2.85889757593522E-12  2.01173442035468E+01  2.01173442035476E+01  2.01173442035448E+01
  1.10000000000070E+000  2.50000000000000E-001  9.16666666666667E-001  7.50000000000000E-001  0.00000000000000E+000  0.00000000000000E+000  0.00000000000000E+000  0.00000000000000E+00 -4.33280826405380E+00 -7.93899965527502E-12 -5.38269262973879E-12 -7.29038443984043E-12 -2.88881907689014E-13  4.00724004865981E-12 -2.81251140448607E-13  2.01173442035456E+01  2.01173442035475E+01  2.01173442035457E+01
  1.10000000000071E+000  8.33333333333333E-002  9.16666666666667E-001  9.16666666666667E-001  0.00000000000000E+000  0.00000000000000E+000  0.00000000000000E+000  0.00000000000000E+00 -4.33280826405380E+00 -5.39588206359648E-12 -7.28576875013714E-12 -7.27559439381660E-12  1.60772416392251E-13  2.06592063741367E-12  2.86460760857629E-12  2.01173442035343E+01  2.01173442035370E+01  2.01173442035362E+01
  1.10000000000072E+000  2.50000000000000E-001  7.50000000000000E-001  9.16666666666667E-001  0.00000000000000E+000  0.00000000000000E+000  0.00000000000000E+000  0.00000000000000E+00 -4.33280826405380E+00 -2.57599810292521E-12 -1.92738288749062E-12 -2.47782555492468E-14 -2.19768545111411E-12 -2.09848547698886E-12 -2.92537230092604E-13  2.01173442035477E+01  2.01173442035477E+01  2.01173442035521E+01
  1.10000000000073E+000  3.33333333333333E-001  0.00000000000000E+000  0.00000000000000E+000  0.00000000000000E+000  0.00000000000000E+000  0.00000000000000E+000  0.00000000000000E+00 -4.33280826405380E+00  1.01792896165842E-12 -2.35487015860115E-12 -2.36504451492169E-12 -6.86072531856669E-12 -7.73063278397306E-12 -8.64123767466155E-12  2.01173442035429E+01  2.01173442035411E+01  2.01173442035420E+01
  1.10000000000074E+000  5.00000000000000E-001  1.66666666666667E-001  0.00000000000000E+000  0.00000000000000E+000  0.00000000000000E+000  0.00000000000000E+000  0.00000000000000E+00 -4.33280826405380E+00  1.65877317742092E-12  3.31973684674943E-12  5.43091578326192E-12 -9.15513017545047E-13  1.68149143327328E-12 -4.39861859559710E-13  2.01173442035487E+01  2.01173442035471E+01  2.01173442035474E+01
  1.10000000000075E+000  3.33333333333333E-001  1.66666666666667E-001  1.66666666666667E-001  0.00000000000000E+000  0.00000000000000E+000  0.00000000000000E+000  0.00000000000000E+00 -4.33280826405380E+00  5.75416222911114E-12  5.69057250210782E-12  5.69820326934823E-12 -4.76543077101586E-12 -7.14368656094257E-12 -8.65712206362314E-12  2.01173442035411E+01  2.01173442035371E+01  2.01173442035387E+01
  1.10000000000076E+000  5.00000000000000E-001  0.00000000000000E+000  1.66666666666667E-001  0.00000000000000E+000  0.00000000000000E+000  0.00000000000000E+000  0.00000000000000E+00 -4.33280826405380E+00 -3.82525594116177E-12 -4.29389790002235E-14 -2.15666150459285E-12  1.42025344069112E-12  6.45204609788715E-14 -2.38166639557241E-13  2.01173442035469E+01  2.01173442035474E+01  2.01173442035495E+01
  1.10000000000077E+000  4.16666666666667E-001  8.33333333333333E-002  8.33333333333333E-002  0.00000000000000E+000  0.00000000000000E+000  0.00000000000000E+000  0.00000000000000E+00 -4.33280826405380E+00  2.24932700245963E-12  2.92846528685589E-12  2.92592169777575E-12 -5.49498673894340E-12 -6.37252497159014E-12 -8.62360130751002E-12  2.01173442035365E+01  2.01173442035334E+01  2.01173442035357E+01
  1.10000000000078E+000  5.83333333333333E-001  2.50000000000000E-001  8.33333333333333E-002  0.00000000000000E+000  0.00000000000000E+000  0.00000000000000E+000  0.00000000000000E+00 -4.33280826405380E+00  1.73285209371859E-12  4.58513964570789E-13 -3.55434541072561E-13  6.20521487953657E-12  8.86570112973227E-13  7.36763508915850E-12  2.01173442035420E+01  2.01173442035439E+01  2.01173442035444E+01
  1.10000000000079E+000  4.16666666666667E-001  2.50000000000000E-001  2.50000000000000E-001  0.00000000000000E+000  0.00000000000000E+000  0.00000000000000E+000  0.00000000000000E+00 -4.33280826405380E+00  4.71327056549102E-12  1.52615344808109E-14  3.81538362020311E-14 -6.65336903767721E-12 -9.05197354024505E-12 -9.00364534772244E-12  2.01173442035478E+01  2.01173442035454E+01  2.01173442035454E+01
  1.10000000000080E+000  5.83333333333333E-001  8.33333333333333E-002  2.50000000000000E-001  0.00000000000000E+000  0.00000000000000E+000  0.00000000000000E+000  0.00000000000000E+00 -4.33280826405380E+00  4.38849766179210E-12  2.29512384884069E-12  3.09126723092309E-12  5.60743151748627E-12  8.00603602005401E-12  7.58125664367140E-12  2.01173442035427E+01  2.01173442035439E+01  2.01173442035374E+01
  1.10000000000081E+000  3.33333333333333E-001  0.00000000000000E+000  3.33333333333333E-001  0.00000000000000E+000  0.00000000000000E+000  0.00000000000000E+000  0.00000000000000E+00 -4.33280826405380E+00 -2.97193544699941E-13 -4.04644384881954E-12 -2.26593149272468E-12 -8.66680754110102E-12 -9.19078689160893E-12 -8.66680754110102E-12  2.01173442035390E+01  2.01173442035372E+01  2.01173442035410E+01
  1.10000000000082E+000  5.00000000000000E-001  1.66666666666667E-001  3.33333333333333E-001  0.00000000000000E+000  0.00000000000000E+000  0.00000000000000E+000  0.00000000000000E+00 -4.33280826405380E+00  4.23037835099285E-13  1.71518108780813E-12  5.63993903845723E-12 -2.77652427100005E-12  1.58777527476274E-13 -5.61058182202043E-13  2.01173442035453E+01  2.01173442035436E+01  2.01173442035467E+01
  1.10000000000083E+000  3.33333333333333E-001  1.66666666666667E-001  5.00000000000000E-001  0.00000000000000E+000  0.00000000000000E+000  0.00000000000000E+000  0.00000000000000E+00 -4.33280826405380E+00  7.09487199229463E-12  3.96880101280817E-12  5.62213391489626E-12 -6.56219466221537E-12 -5.86270766517814E-12 -8.77257357285310E-12  2.01173442035450E+01  2.01173442035411E+01  2.01173442035398E+01
  1.10000000000084E+000  5.00000000000000E-001  0.00000000000000E+000  5.00000000000000E-001  0.00000000000000E+000  0.00000000000000E+000  0.00000000000000E+000  0.00000000000000E+00 -4.33280826405380E+00 -2.59922346670365E-12 -1.89464929150608E-12 -2.35249532593047E-12 -4.73702738106039E-13  1.24830706914569E-12 -4.86420683506716E-13  2.01173442035508E+01  2.01173442035513E+01  2.01173442035505E+01
  1.10000000000085E+000  4.16666666666667E-001  8.33333333333333E-002  4.16666666666667E-001  0.00000000000000E+000  0.00000000000000E+000  0.00000000000000E+000  0.00000000000000E+00 -4.33280826405380E+00  2.17318808646501E-12 -2.25416416102655E-13  2.91591609786470E-12 -8.65806504053716E-12 -6.47312202070078E-12 -8.65297786237689E-12  2.01173442035366E+01  2.01173442035334E+01  2.01173442035358E+01
  1.10000000000086E+000  5.83333333333333E-001  2.50000000000000E-001  4.16666666666667E-001  0.00000000000000E+000  0.00000000000000E+000  0.00000000000000E+000  0.00000000000000E+00 -4.33280826405380E+00  1.87225546683623E-12 -2.51034851823714E-12 -1.80420920833057E-13  3.09152433263181E-12  8.35360818551638E-13  7.39782064530125E-12  2.01173442035420E+01  2.01173442035439E+01  2.01173442035445E+01
  1.10000000000087E+000  4.16666666666667E-001  2.50000000000000E-001  5.83333333333333E-001  0.00000000000000E+000  0.00000000000000E+000  0.00000000000000E+000  0.00000000000000E+00 -4.33280826405380E+00  2.34393117998473E-12  1.79451593867556E-12 -1.46242529467843E-13 -4.32587873899505E-12 -1.08883385657447E-11 -8.62200069534395E-12  2.01173442035420E+01  2.01173442035396E+01  2.01173442035440E+01
  1.10000000000088E+000  5.83333333333333E-001  8.33333333333333E-002  5.83333333333333E-001  0.00000000000000E+000  0.00000000000000E+000  0.00000000000000E+000  0.00000000000000E+00 -4.33280826405380E+00  1.98961296500959E-12  4.04737653083927E-12  2.86969478673656E-12  7.36716360070148E-12  5.55358458656486E-12  7.35190206622066E-12  2.01173442035370E+01  2.01173442035382E+01  2.01173442035361E+01
  1.10000000000089E+000  3.33333333333333E-001  0.00000000000000E+000  6.66666666666667E-001  0.00000000000000E+000  0.00000000000000E+000  0.00000000000000E+000  0.00000000000000E+00 -4.33280826405380E+00 -2.71501945560850E-13  1.53277430821878E-13 -2.38268088207323E-12 -4.32715922872796E-12 -9.00990672525741E-12 -8.64108630863777E-12  2.01173442035393E+01  2.01173442035375E+01  2.01173442035410E+01
  1.10000000000090E+000  5.00000000000000E-001  1.66666666666667E-001  6.66666666666667E-001  0.00000000000000E+000  0.00000000000000E+000  0.00000000000000E+000  0.00000000000000E+00 -4.33280826405380E+00  4.29055747235060E-13  5.90285944768668E-12  5.48571083854446E-12  1.61995641650739E-12  4.04120836202570E-13 -4.30176382081813E-13  2.01173442035454E+01  2.01173442035437E+01  2.01173442035466E+01
  1.10000000000091E+000  3.33333333333333E-001  1.66666666666667E-001  8.33333333333333E-001  0.00000000000000E+000  0.00000000000000E+000  0.00000000000000E+000  0.00000000000000E+00 -4.33280826405380E+00  4.99386741210270E-12  2.10435021706887E-12  5.63485186029696E-12 -8.42123815736118E-12 -7.94304341029572E-12 -8.79260216306097E-12  2.01173442035392E+01  2.01173442035353E+01  2.01173442035382E+01
  1.10000000000092E+000  5.00000000000000E-001  0.00000000000000E+000  8.33333333333333E-001  0.00000000000000E+000  0.00000000000000E+000  0.00000000000000E+000  0.00000000000000E+00 -4.33280826405380E+00 -4.54648872582547E-12 -3.60536076617532E-12 -2.19875600486037E-12 -2.49807437601353E-12 -1.01261835321442E-12 -6.59059471075551E-13  2.01173442035452E+01  2.01173442035456E+01  2.01173442035491E+01
  1.10000000000093E+000  4.16666666666667E-001  8.33333333333333E-002  7.50000000000000E-001  0.00000000000000E+000  0.00000000000000E+000  0.00000000000000E+000  0.00000000000000E+00 -4.33280826405380E+00  4.41950960959637E-12  2.26254606964158E-12  3.07140739712467E-12 -6.49791251918855E-12 -4.52408739300342E-12 -8.84310165107345E-12  2.01173442035418E+01  2.01173442035387E+01  2.01173442035369E+01
  1.10000000000094E+000  5.83333333333333E-001  2.50000000000000E-001  7.50000000000000E-001  0.00000000000000E+000  0.00000000000000E+000  0.00000000000000E+000  0.00000000000000E+00 -4.33280826405380E+00  3.85208111477154E-12 -3.01599853089692E-13 -2.96512674929420E-13  5.39032339697919E-12  2.92049840016757E-12  7.35651775592395E-12  2.01173442035475E+01  2.01173442035495E+01  2.01173442035458E+01
  1.10000000000095E+000  4.16666666666667E-001  2.50000000000000E-001  9.16666666666667E-001  0.00000000000000E+000  0.00000000000000E+000  0.00000000000000E+000  0.00000000000000E+00 -4.33280826405380E+00  2.19106527428601E-12 -2.15847205274557E-12 -2.35518708163120E-13 -8.18992806453979E-12 -1.09370042710861E-11 -8.60707667368201E-12  2.01173442035420E+01  2.01173442035396E+01  2.01173442035441E+01
  1.10000000000096E+000  5.83333333333333E-001  8.33333333333333E-002  9.16666666666667E-001  0.00000000000000E+000  0.00000000000000E+000  0.00000000000000E+000  0.00000000000000E+00 -4.33280826405380E+00  1.91616900411889E-12  1.58548949745352E-13  2.87255849824988E-12  3.49582102073528E-12  5.46710255784025E-12  7.33664053173983E-12  2.01173442035370E+01  2.01173442035382E+01  2.01173442035363E+01
  1.10000000000097E+000  3.33333333333333E-001  3.33333333333333E-001  0.00000000000000E+000  0.00000000000000E+000  0.00000000000000E+000  0.00000000000000E+000  0.00000000000000E+00 -4.33280826405380E+00 -4.90992646974101E-12 -6.87357723960547E-12 -8.68206907558182E-12 -6.87357723960547E-12 -4.90992646974101E-12 -8.68206907558182E-12  2.01173442035371E+01  2.01173442035371E+01  2.01173442035365E+01
  1.10000000000098E+000  5.00000000000000E-001  5.00000000000000E-001  0.00000000000000E+000  0.00000000000000E+000  0.00000000000000E+000  0.00000000000000E+000  0.00000000000000E+00 -4.33280826405380E+00 -1.17318973514334E-12 -9.08656470809213E-13 -4.53354025464954E-13 -9.08656470809213E-13 -1.17318973514334E-12 -4.53354025464954E-13  2.01173442035513E+01  2.01173442035513E+01  2.01173442035530E+01
  1.10000000000099E+000  3.33333333333333E-001  5.00000000000000E-001  1.66666666666667E-001  0.00000000000000E+000  0.00000000000000E+000  0.00000000000000E+000  0.00000000000000E+00 -4.33280826405380E+00  2.74418800915586E-12  1.26890634267736E-12 -3.74252203090185E-13 -5.01824833351160E-12 -1.02427803041099E-11 -8.94046269508056E-12  2.01173442035434E+01  2.01173442035411E+01  2.01173442035441E+01
  1.10000000000100E+000  5.00000000000000E-001  3.33333333333333E-001  1.66666666666667E-001  0.00000000000000E+000  0.00000000000000E+000  0.00000000000000E+000  0.00000000000000E+00 -4.33280826405380E+00 -1.02427803041099E-11 -5.01824833351160E-12 -8.94046269508056E-12  1.26890634267736E-12  2.74418800915586E-12 -3.74252203090185E-13  2.01173442035411E+01  2.01173442035434E+01  2.01173442035441E+01
  1.10000000000101E+000  4.16666666666667E-001  4.16666666666667E-001  8.33333333333333E-002  0.00000000000000E+000  0.00000000000000E+000  0.00000000000000E+000  0.00000000000000E+00 -4.33280826405380E+00 -6.25691694888935E-12 -5.51418893748967E-12 -8.67078298593783E-12 -5.51418893748967E-12 -6.25691694888936E-12 -8.67078298593783E-12  2.01173442035331E+01  2.01173442035331E+01  2.01173442035353E+01
  1.10000000000102E+000  5.83333333333333E-001  5.83333333333333E-001  8.33333333333333E-002  0.00000000000000E+000  0.00000000000000E+000  0.00000000000000E+000  0.00000000000000E+00 -4.33280826405380E+00  5.31305535727539E-12  6.18805000084208E-12  7.37081892310507E-12  6.18805000084208E-12  5.31305535727539E-12  7.37081892310507E-12  2.01173442035382E+01  2.01173442035382E+01  2.01173442035364E+01
  1.10000000000103E+000  4.16666666666667E-001  5.83333333333333E-001  2.50000000000000E-001  0.00000000000000E+000  0.00000000000000E+000  0.00000000000000E+000  0.00000000000000E+00 -4.33280826405380E+00  7.92943076304944E-12  5.43416987543660E-12  7.37747193266014E-12 -6.28698591977956E-12 -4.26483260107190E-12 -8.63471864074460E-12  2.01173442035437E+01  2.01173442035394E+01  2.01173442035371E+01
  1.10000000000104E+000  5.83333333333333E-001  4.16666666666667E-001  2.50000000000000E-001  0.00000000000000E+000  0.00000000000000E+000  0.00000000000000E+000  0.00000000000000E+00 -4.33280826405380E+00 -4.26483260107190E-12 -6.28698591977956E-12 -8.63471864074460E-12  5.43416987543660E-12  7.92943076304944E-12  7.37747193266014E-12  2.01173442035394E+01  2.01173442035437E+01  2.01173442035371E+01
  1.10000000000105E+000  3.33333333333333E-001  3.33333333333333E-001  3.33333333333333E-001  0.00000000000000E+000  0.00000000000000E+000  0.00000000000000E+000  0.00000000000000E+00 -4.33280826405380E+00 -6.28129327752422E-12 -8.60613369676792E-12 -8.60613369676792E-12 -8.60724543009138E-12 -6.28240501084768E-12 -8.60724543009138E-12  2.01173442035327E+01  2.01173442035327E+01  2.01173442035350E+01
  1.10000000000106E+000  5.00000000000000E-001  5.00000000000000E-001  3.33333333333333E-001  0.00000000000000E+000  0.00000000000000E+000  0.00000000000000E+000  0.00000000000000E+00 -4.33280826405380E+00 -2.52692017577508E-12 -2.64392527346128E-12 -3.82674581220801E-13 -2.64392527346128E-12 -2.52692017577508E-12 -3.82674581220801E-13  2.01173442035472E+01  2.01173442035472E+01  2.01173442035517E+01
  1.10000000000107E+000  3.33333333333333E-001  5.00000000000000E-001  5.00000000000000E-001  0.00000000000000E+000  0.00000000000000E+000  0.00000000000000E+000  0.00000000000000E+00 -4.33280826405380E+00  4.32388565611101E-12 -1.96072139289704E-13 -1.88441372049298E-13 -6.46862291624997E-12 -8.60269415448371E-12 -8.71206848492950E-12  2.01173442035471E+01  2.01173442035449E+01  2.01173442035450E+01
  1.10000000000108E+000  5.00000000000000E-001  3.33333333333333E-001  5.00000000000000E-001  0.00000000000000E+000  0.00000000000000E+000  0.00000000000000E+000  0.00000000000000E+00 -4.33280826405380E+00 -8.60269415448371E-12 -6.46862291624997E-12 -8.71206848492950E-12 -1.96072139289704E-13  4.32388565611101E-12 -1.88441372049298E-13  2.01173442035449E+01  2.01173442035471E+01  2.01173442035450E+01
  1.10000000000109E+000  4.16666666666667E-001  4.16666666666667E-001  4.16666666666667E-001  0.00000000000000E+000  0.00000000000000E+000  0.00000000000000E+000  0.00000000000000E+00 -4.33280826405380E+00 -6.28638045568449E-12 -8.60104651860765E-12 -8.60613369676792E-12 -8.60104651860765E-12 -6.28638045568449E-12 -8.60613369676792E-12  2.01173442035327E+01  2.01173442035327E+01  2.01173442035350E+01
  1.10000000000110E+000  5.83333333333333E-001  5.83333333333333E-001  4.16666666666667E-001  0.00000000000000E+000  0.00000000000000E+000  0.00000000000000E+000  0.00000000000000E+00 -4.33280826405380E+00  5.22785381828369E-12  3.03019285304672E-12  7.36192505651739E-12  3.03019285304672E-12  5.22785381828369E-12  7.36192505651739E-12  2.01173442035380E+01  2.01173442035380E+01  2.01173442035363E+01
  1.10000000000111E+000  4.16666666666667E-001  5.83333333333333E-001  5.83333333333333E-001  0.00000000000000E+000  0.00000000000000E+000  0.00000000000000E+000  0.00000000000000E+00 -4.33280826405380E+00  5.70744564033449E-12  7.38875802230410E-12  7.38367084414383E-12 -4.31713623843125E-12 -6.47155618930603E-12 -8.62851972926084E-12  2.01173442035383E+01  2.01173442035340E+01  2.01173442035362E+01
  1.10000000000112E+000  5.83333333333333E-001  4.16666666666667E-001  5.83333333333333E-001  0.00000000000000E+000  0.00000000000000E+000  0.00000000000000E+000  0.00000000000000E+00 -4.33280826405380E+00 -6.47155618930603E-12 -4.31713623843125E-12 -8.62851972926084E-12  7.38875802230410E-12  5.70744564033449E-12  7.38367084414383E-12  2.01173442035340E+01  2.01173442035383E+01  2.01173442035362E+01
  1.10000000000113E+000  3.33333333333333E-001  3.33333333333333E-001  6.66666666666667E-001  0.00000000000000E+000  0.00000000000000E+000  0.00000000000000E+000  0.00000000000000E+00 -4.33280826405380E+00 -6.28942516654581E-12 -4.45295385068788E-12 -8.74907580703675E-12 -4.45184211736442E-12 -6.28831343322236E-12 -8.74796407371330E-12  2.01173442035333E+01  2.01173442035333E+01  2.01173442035354E+01
  1.10000000000114E+000  5.00000000000000E-001  5.00000000000000E-001  6.66666666666667E-001  0.00000000000000E+000  0.00000000000000E+000  0.00000000000000E+000  0.00000000000000E+00 -4.33280826405380E+00 -2.53648392055335E-12  1.52308425134298E-12 -5.44853670807199E-13  1.52308425134298E-12 -2.53648392055335E-12 -5.44853670807200E-13  2.01173442035477E+01  2.01173442035477E+01  2.01173442035520E+01
  1.10000000000115E+000  3.33333333333333E-001  5.00000000000000E-001  8.33333333333333E-001  0.00000000000000E+000  0.00000000000000E+000  0.00000000000000E+000  0.00000000000000E+00 -4.33280826405380E+00  2.09949606740113E-12 -2.21188742342842E-12 -3.24544325967860E-13 -8.26623573694385E-12 -1.06088812797486E-11 -8.62488179724295E-12  2.01173442035418E+01  2.01173442035396E+01  2.01173442035439E+01
  1.10000000000116E+000  5.00000000000000E-001  3.33333333333333E-001  8.33333333333333E-001  0.00000000000000E+000  0.00000000000000E+000  0.00000000000000E+000  0.00000000000000E+00 -4.33280826405380E+00 -1.06088812797486E-11 -8.26623573694385E-12 -8.62488179724295E-12 -2.21188742342842E-12  2.09949606740113E-12 -3.24544325967860E-13  2.01173442035396E+01  2.01173442035418E+01  2.01173442035439E+01
  1.10000000000117E+000  4.16666666666667E-001  4.16666666666667E-001  7.50000000000000E-001  0.00000000000000E+000  0.00000000000000E+000  0.00000000000000E+000  0.00000000000000E+00 -4.33280826405380E+00 -4.31925536276427E-12 -6.43043429927660E-12 -8.75527471852046E-12 -6.43043429927659E-12 -4.31925536276427E-12 -8.75527471852046E-12  2.01173442035386E+01  2.01173442035386E+01  2.01173442035367E+01
  1.10000000000118E+000  5.83333333333333E-001  5.83333333333333E-001  7.50000000000000E-001  0.00000000000000E+000  0.00000000000000E+000  0.00000000000000E+000  0.00000000000000E+00 -4.33280826405380E+00  7.38715741013794E-12  5.41841946211317E-12  7.40750612277910E-12  5.41841946211317E-12  7.38715741013794E-12  7.40750612277910E-12  2.01173442035430E+01  2.01173442035430E+01  2.01173442035371E+01
  1.10000000000119E+000  4.16666666666667E-001  5.83333333333333E-001  9.16666666666667E-001  0.00000000000000E+000  0.00000000000000E+000  0.00000000000000E+000  0.00000000000000E+00 -4.33280826405380E+00  5.56552831146089E-12  3.46961090942931E-12  7.34858425663597E-12 -8.21470632008903E-12 -6.54611188352020E-12 -8.62931134015111E-12  2.01173442035383E+01  2.01173442035340E+01  2.01173442035363E+01
  1.10000000000120E+000  5.83333333333333E-001  4.16666666666667E-001  9.16666666666667E-001  0.00000000000000E+000  0.00000000000000E+000  0.00000000000000E+000  0.00000000000000E+00 -4.33280826405380E+00 -6.54611188352020E-12 -8.21470632008903E-12 -8.62931134015111E-12  3.46961090942931E-12  5.56552831146089E-12  7.34858425663597E-12  2.01173442035340E+01  2.01173442035383E+01  2.01173442035363E+01
  1.10000000000121E+000  3.33333333333333E-001  6.66666666666667E-001  0.00000000000000E+000  0.00000000000000E+000  0.00000000000000E+000  0.00000000000000E+000  0.00000000000000E+00 -4.33280826405380E+00  6.90805446692975E-12  4.82231142121872E-12  7.34555178871316E-12 -6.84674427381881E-12 -5.17306265908971E-12 -8.63743098623417E-12  2.01173442035417E+01  2.01173442035374E+01  2.01173442035371E+01
  1.10000000000122E+000  5.00000000000000E-001  8.33333333333333E-001  0.00000000000000E+000  0.00000000000000E+000  0.00000000000000E+000  0.00000000000000E+000  0.00000000000000E+00 -4.33280826405380E+00 -8.15199125981576E-12 -5.80680212793080E-12 -7.21595047832588E-12 -1.08527070321486E-12  2.84203083651429E-12 -6.47773381431554E-13  2.01173442035436E+01  2.01173442035455E+01  2.01173442035451E+01
  1.10000000000123E+000  3.33333333333333E-001  8.33333333333333E-001  1.66666666666667E-001  0.00000000000000E+000  0.00000000000000E+000  0.00000000000000E+000  0.00000000000000E+00 -4.33280826405380E+00 -4.30563047257961E-12 -3.65955884622508E-12 -7.18242972221276E-12 -4.89216836988977E-12 -5.93503989274541E-12 -8.79657760789777E-12  2.01173442035356E+01  2.01173442035352E+01  2.01173442035361E+01
  1.10000000000124E+000  5.00000000000000E-001  6.66666666666667E-001  1.66666666666667E-001  0.00000000000000E+000  0.00000000000000E+000  0.00000000000000E+000  0.00000000000000E+00 -4.33280826405380E+00  1.91972137757958E-12  6.97892005796911E-12  7.40115584527161E-12  1.21695760852251E-12  2.43024959974708E-12 -4.49093238966216E-13  2.01173442035457E+01  2.01173442035436E+01  2.01173442035445E+01
  1.10000000000125E+000  4.16666666666667E-001  7.50000000000000E-001  8.33333333333333E-002  0.00000000000000E+000  0.00000000000000E+000  0.00000000000000E+000  0.00000000000000E+00 -4.33280826405380E+00  2.29736206114342E-12  9.54347026831985E-13  1.48029288429027E-13 -5.70574458194294E-12 -1.06657432882072E-11 -8.82164120510893E-12  2.01173442035413E+01  2.01173442035389E+01  2.01173442035432E+01
  1.10000000000126E+000  5.83333333333333E-001  9.16666666666667E-001  8.33333333333333E-002  0.00000000000000E+000  0.00000000000000E+000  0.00000000000000E+000  0.00000000000000E+00 -4.33280826405380E+00 -5.55326446413171E-12 -4.59687497000073E-12 -7.30579734034498E-12  6.20442326864630E-12  5.47695679172752E-12  7.38210501274904E-12  2.01173442035344E+01  2.01173442035382E+01  2.01173442035363E+01
  1.10000000000127E+000  4.16666666666667E-001  9.16666666666667E-001  2.50000000000000E-001  0.00000000000000E+000  0.00000000000000E+000  0.00000000000000E+000  0.00000000000000E+00 -4.33280826405380E+00 -2.96643436963396E-12 -5.39301835208308E-12 -7.29562298402445E-12 -6.26188754179704E-12 -4.07948811104089E-12 -8.59181513920117E-12  2.01173442035398E+01  2.01173442035393E+01  2.01173442035371E+01
  1.10000000000128E+000  5.83333333333333E-001  7.50000000000000E-001  2.50000000000000E-001  0.00000000000000E+000  0.00000000000000E+000  0.00000000000000E+000  0.00000000000000E+00 -4.33280826405380E+00  4.19260902456784E-12  3.12972894661988E-14  2.11229331456558E-14  5.39541057513946E-12  3.68103153512809E-12  7.36414852316435E-12  2.01173442035475E+01  2.01173442035495E+01  2.01173442035450E+01
  1.10000000000129E+000  3.33333333333333E-001  6.66666666666667E-001  3.33333333333333E-001  0.00000000000000E+000  0.00000000000000E+000  0.00000000000000E+000  0.00000000000000E+00 -4.33280826405380E+00  5.41901268326968E-12  2.97971075541982E-12  7.27583271176869E-12 -8.75559484095370E-12 -6.69783127512413E-12 -8.75559484095370E-12  2.01173442035377E+01  2.01173442035334E+01  2.01173442035359E+01
  1.10000000000130E+000  5.00000000000000E-001  8.33333333333333E-001  3.33333333333333E-001  0.00000000000000E+000  0.00000000000000E+000  0.00000000000000E+000  0.00000000000000E+00 -4.33280826405380E+00 -9.89023006433931E-12 -7.91640493815417E-12 -7.54249734337425E-12 -2.76463271726090E-12  1.54929436264881E-12 -5.18643559501245E-13  2.01173442035398E+01  2.01173442035417E+01  2.01173442035441E+01
  1.10000000000131E+000  3.33333333333333E-001  8.33333333333333E-001  5.00000000000000E-001  0.00000000000000E+000  0.00000000000000E+000  0.00000000000000E+000  0.00000000000000E+00 -4.33280826405380E+00 -3.06054716559897E-12 -5.48458755896796E-12 -7.36429988918811E-12 -6.39049885156049E-12 -4.34799682021180E-12 -8.61868288575921E-12  2.01173442035397E+01  2.01173442035394E+01  2.01173442035374E+01
  1.10000000000132E+000  5.00000000000000E-001  6.66666666666667E-001  5.00000000000000E-001  0.00000000000000E+000  0.00000000000000E+000  0.00000000000000E+000  0.00000000000000E+00 -4.33280826405380E+00  3.07269957512282E-12  5.04906829038815E-12  7.11954980161847E-12 -5.38654759323472E-13  3.75746719702535E-12 -5.51372704724149E-13  2.01173442035495E+01  2.01173442035475E+01  2.01173442035455E+01
  1.10000000000133E+000  4.16666666666667E-001  7.50000000000000E-001  4.16666666666667E-001  0.00000000000000E+000  0.00000000000000E+000  0.00000000000000E+000  0.00000000000000E+00 -4.33280826405380E+00  1.94677638027905E-12 -2.47906861915659E-12 -1.59315378073003E-13 -8.74510036219994E-12 -1.06375306378207E-11 -8.72983882771913E-12  2.01173442035411E+01  2.01173442035388E+01  2.01173442035433E+01
  1.10000000000134E+000  5.83333333333333E-001  9.16666666666667E-001  4.16666666666667E-001  0.00000000000000E+000  0.00000000000000E+000  0.00000000000000E+000  0.00000000000000E+00 -4.33280826405380E+00 -5.60590561430998E-12 -7.71199737266211E-12 -7.28976158535963E-12  3.01653193073199E-12  5.38206977525794E-12  7.34572054512260E-12  2.01173442035341E+01  2.01173442035380E+01  2.01173442035362E+01
  1.10000000000135E+000  4.16666666666667E-001  9.16666666666667E-001  5.83333333333333E-001  0.00000000000000E+000  0.00000000000000E+000  0.00000000000000E+000  0.00000000000000E+00 -4.33280826405380E+00 -5.17492732644366E-12 -3.39695855942884E-12 -7.27593190663550E-12 -4.33318938380224E-12 -6.30955809906759E-12 -8.63694210739151E-12  2.01173442035344E+01  2.01173442035340E+01  2.01173442035361E+01
  1.10000000000136E+000  5.83333333333333E-001  7.50000000000000E-001  5.83333333333333E-001  0.00000000000000E+000  0.00000000000000E+000  0.00000000000000E+000  0.00000000000000E+00 -4.33280826405380E+00  1.93521719191168E-12  1.95556590455284E-12 -2.84335779528181E-14  7.39224458829830E-12  1.52672816950584E-12  7.38207023197776E-12  2.01173442035412E+01  2.01173442035432E+01  2.01173442035432E+01
  1.10000000000137E+000  3.33333333333333E-001  6.66666666666667E-001  6.66666666666667E-001  0.00000000000000E+000  0.00000000000000E+000  0.00000000000000E+000  0.00000000000000E+00 -4.33280826405380E+00  5.65148668057151E-12  7.38621443322396E-12  7.38621443322397E-12 -4.34034866258569E-12 -6.45661477725845E-12 -8.63901420801460E-12  2.01173442035383E+01  2.01173442035340E+01  2.01173442035362E+01
  1.10000000000138E+000  5.00000000000000E-001  8.33333333333333E-001  6.66666666666667E-001  0.00000000000000E+000  0.00000000000000E+000  0.00000000000000E+000  0.00000000000000E+00 -4.33280826405380E+00 -9.54338151035968E-12 -3.41078823815298E-12 -7.33300259972193E-12  1.29280408736387E-12  1.41743995229043E-12 -8.00569725587667E-13  2.01173442035400E+01  2.01173442035418E+01  2.01173442035440E+01
  1.10000000000139E+000  3.33333333333333E-001  8.33333333333333E-001  8.33333333333333E-001  0.00000000000000E+000  0.00000000000000E+000  0.00000000000000E+000  0.00000000000000E+00 -4.33280826405380E+00 -5.18346628982676E-12 -7.38621443322396E-12 -7.38621443322397E-12 -8.27782455863536E-12 -6.45661477725845E-12 -8.63901420801460E-12  2.01173442035344E+01  2.01173442035340E+01  2.01173442035362E+01
  1.10000000000140E+000  5.00000000000000E-001  6.66666666666667E-001  8.33333333333333E-001  0.00000000000000E+000  0.00000000000000E+000  0.00000000000000E+000  0.00000000000000E+00 -4.33280826405380E+00  1.20152106083869E-12  3.41189997147643E-12  7.33411433304538E-12 -2.64467180868587E-12  1.41743995229043E-12 -8.00569725587666E-13  2.01173442035439E+01  2.01173442035418E+01  2.01173442035440E+01
  1.10000000000141E+000  4.16666666666667E-001  7.50000000000000E-001  7.50000000000000E-001  0.00000000000000E+000  0.00000000000000E+000  0.00000000000000E+000  0.00000000000000E+00 -4.33280826405380E+00  4.18166044774270E-12  0.00000000000000E+00  6.31947229667048E-29 -6.25683514440811E-12 -8.36292690276035E-12 -8.56641402917116E-12  2.01173442035469E+01  2.01173442035446E+01  2.01173442035448E+01
  1.10000000000142E+000  5.83333333333333E-001  9.16666666666667E-001  7.50000000000000E-001  0.00000000000000E+000  0.00000000000000E+000  0.00000000000000E+000  0.00000000000000E+00 -4.33280826405380E+00 -3.54888148821364E-12 -5.42605022935357E-12 -7.33628562853530E-12  5.43113740751380E-12  7.53722916586594E-12  7.39224458829828E-12  2.01173442035392E+01  2.01173442035430E+01  2.01173442035370E+01
  1.10000000000143E+000  4.16666666666667E-001  9.16666666666667E-001  9.16666666666667E-001  0.00000000000000E+000  0.00000000000000E+000  0.00000000000000E+000  0.00000000000000E+00 -4.33280826405380E+00 -5.30047138751299E-12 -7.31753752806031E-12 -7.31245034990004E-12 -8.21789015403556E-12 -6.38396242725797E-12 -8.62740799593737E-12  2.01173442035344E+01  2.01173442035340E+01  2.01173442035363E+01
  1.10000000000144E+000  5.83333333333333E-001  7.50000000000000E-001  9.16666666666667E-001  0.00000000000000E+000  0.00000000000000E+000  0.00000000000000E+000  0.00000000000000E+00 -4.33280826405380E+00  1.90703417484943E-12 -1.87528278731196E-12  2.47782555492275E-14  3.53870713189301E-12  1.44533331894151E-12  7.38461382105789E-12  2.01173442035413E+01  2.01173442035432E+01  2.01173442035434E+01
  1.10000000000145E+000  6.66666666666667E-001  0.00000000000000E+000  0.00000000000000E+000  0.00000000000000E+000  0.00000000000000E+000  0.00000000000000E+000  0.00000000000000E+00 -4.33280826405380E+00  1.06245756124501E-12 -2.03563393835997E-12 -2.04580829468051E-12  4.86489480032893E-12  4.11707961076909E-12  7.36778645518227E-12  2.01173442035430E+01  2.01173442035455E+01  2.01173442035423E+01
  1.10000000000146E+000  8.33333333333333E-001  1.66666666666667E-001  0.00000000000000E+000  0.00000000000000E+000  0.00000000000000E+000  0.00000000000000E+000  0.00000000000000E+00 -4.33280826405380E+00  6.05562101107137E-12  3.56036012345850E-12  5.66899547089085E-12 -5.78805402745585E-12 -5.32257722579108E-12 -7.19211519969063E-12  2.01173442035432E+01  2.01173442035397E+01  2.01173442035398E+01
  1.10000000000147E+000  6.66666666666667E-001  1.66666666666667E-001  1.66666666666667E-001  0.00000000000000E+000  0.00000000000000E+000  0.00000000000000E+000  0.00000000000000E+00 -4.33280826405380E+00  5.50739930756670E-12  5.73377873569884E-12  5.75921462650020E-12  7.02404702615945E-12  4.78314504656003E-12  7.41830333358045E-12  2.01173442035411E+01  2.01173442035415E+01  2.01173442035388E+01
  1.10000000000148E+000  8.33333333333333E-001  0.00000000000000E+000  1.66666666666667E-001  0.00000000000000E+000  0.00000000000000E+000  0.00000000000000E+000  0.00000000000000E+00 -4.33280826405380E+00  2.80637884176542E-13 -1.21249190484799E-13 -2.21971018159660E-12 -3.69102489210072E-12 -7.13504450660420E-12 -7.21389576808840E-12  2.01173442035412E+01  2.01173442035398E+01  2.01173442035417E+01
  1.10000000000149E+000  7.50000000000000E-001  8.33333333333333E-002  8.33333333333333E-002  0.00000000000000E+000  0.00000000000000E+000  0.00000000000000E+000  0.00000000000000E+00 -4.33280826405380E+00 -1.71175614916748E-12  3.16430411745228E-12  3.17447847377282E-12  8.83684972973492E-13  2.09697696419810E-12  6.71928782500053E-14  2.01173442035422E+01  2.01173442035413E+01  2.01173442035434E+01
  1.10000000000150E+000  9.16666666666667E-001  2.50000000000000E-001  8.33333333333333E-002  0.00000000000000E+000  0.00000000000000E+000  0.00000000000000E+000  0.00000000000000E+00 -4.33280826405380E+00  2.06764033754966E-12  6.40686863593721E-13 -1.75805231129779E-13 -4.44978865848567E-12 -9.86000263193390E-12 -7.15616743974986E-12  2.01173442035422E+01  2.01173442035403E+01  2.01173442035445E+01
  1.10000000000151E+000  7.50000000000000E-001  2.50000000000000E-001  2.50000000000000E-001  0.00000000000000E+000  0.00000000000000E+000  0.00000000000000E+000  0.00000000000000E+00 -4.33280826405379E+00  3.88010372227430E-13 -9.52715529982962E-14 -1.05445909318838E-13  1.35968978280470E-13 -1.59087355015284E-13  1.20707443799653E-13  2.01173442035533E+01  2.01173442035533E+01  2.01173442035530E+01
  1.10000000000152E+000  9.16666666666667E-001  8.33333333333333E-002  2.50000000000000E-001  0.00000000000000E+000  0.00000000000000E+000  0.00000000000000E+000  0.00000000000000E+00 -4.33280826405380E+00  4.55334207315825E-12  2.28191702459733E-12  3.09332194116055E-12 -5.25467454113196E-12 -2.95272642360936E-12 -7.16236635123357E-12  2.01173442035427E+01  2.01173442035400E+01  2.01173442035373E+01
  1.10000000000153E+000  6.66666666666667E-001  0.00000000000000E+000  3.33333333333333E-001  0.00000000000000E+000  0.00000000000000E+000  0.00000000000000E+000  0.00000000000000E+00 -4.33280826405380E+00 -5.07269266570341E-13 -3.98944271727575E-12 -2.20129959394053E-12  3.20473498482920E-12  2.84100174636984E-12  7.52883642105956E-12  2.01173442035392E+01  2.01173442035417E+01  2.01173442035413E+01
  1.10000000000154E+000  8.33333333333333E-001  1.66666666666667E-001  3.33333333333333E-001  0.00000000000000E+000  0.00000000000000E+000  0.00000000000000E+000  0.00000000000000E+00 -4.33280826405380E+00  4.59309207076478E-12  1.71883641021173E-12  5.64105077178069E-12 -7.57636590720054E-12 -6.71663279811475E-12 -7.20500190150076E-12  2.01173442035392E+01  2.01173442035357E+01  2.01173442035386E+01
  1.10000000000155E+000  6.66666666666667E-001  1.66666666666667E-001  5.00000000000000E-001  0.00000000000000E+000  0.00000000000000E+000  0.00000000000000E+000  0.00000000000000E+00 -4.33280826405380E+00  6.68994020677193E-12  3.80805377897850E-12  5.48936616094804E-12  5.31541279956051E-12  6.15225360692502E-12  7.38080713263052E-12  2.01173442035451E+01  2.01173442035456E+01  2.01173442035401E+01
  1.10000000000156E+000  8.33333333333333E-001  0.00000000000000E+000  5.00000000000000E-001  0.00000000000000E+000  0.00000000000000E+000  0.00000000000000E+000  0.00000000000000E+00 -4.33280826405380E+00  1.72600194578865E-12 -1.74854073767638E-12 -2.19875600486037E-12 -5.37582384006443E-12 -5.73192631128344E-12 -7.21992592316268E-12  2.01173442035449E+01  2.01173442035435E+01  2.01173442035426E+01
  1.10000000000157E+000  7.50000000000000E-001  8.33333333333333E-002  4.16666666666667E-001  0.00000000000000E+000  0.00000000000000E+000  0.00000000000000E+000  0.00000000000000E+00 -4.33280826405380E+00 -1.89876566546009E-12 -8.26430622433522E-14  3.07649457528495E-12 -2.21130964461324E-12  2.12296614793761E-12  1.54228199912751E-13  2.01173442035421E+01  2.01173442035413E+01  2.01173442035434E+01
  1.10000000000158E+000  9.16666666666667E-001  2.50000000000000E-001  4.16666666666667E-001  0.00000000000000E+000  0.00000000000000E+000  0.00000000000000E+000  0.00000000000000E+00 -4.33280826405380E+00  1.95959866799371E-12 -2.56290271648711E-12 -2.20257173682307E-13 -7.72882473853775E-12 -1.00587523359419E-11 -7.28878382767430E-12  2.01173442035420E+01  2.01173442035400E+01  2.01173442035444E+01
  1.10000000000159E+000  7.50000000000000E-001  2.50000000000000E-001  5.83333333333333E-001  0.00000000000000E+000  0.00000000000000E+000  0.00000000000000E+000  0.00000000000000E+00 -4.33280826405380E+00 -2.02106607126134E-12  1.68239962941601E-12 -2.88881907689013E-13  2.00369055989469E-12 -2.44759033034251E-12  2.73218446293817E-14  2.01173442035477E+01  2.01173442035477E+01  2.01173442035519E+01
  1.10000000000160E+000  9.16666666666667E-001  8.33333333333333E-002  5.83333333333333E-001  0.00000000000000E+000  0.00000000000000E+000  0.00000000000000E+000  0.00000000000000E+00 -4.33280826405380E+00  2.14509202133109E-12  4.06041459867315E-12  2.87255849824987E-12 -3.43079943797521E-12 -5.31559894635560E-12 -7.27161894897976E-12  2.01173442035370E+01  2.01173442035343E+01  2.01173442035361E+01
  1.10000000000161E+000  6.66666666666667E-001  0.00000000000000E+000  6.66666666666667E-001  0.00000000000000E+000  0.00000000000000E+000  0.00000000000000E+000  0.00000000000000E+00 -4.33280826405380E+00 -2.39691291374936E-13  4.57252116582250E-13 -2.05072671643131E-12  7.35666912194770E-12  2.82908055930654E-12  7.35666912194770E-12  2.01173442035392E+01  2.01173442035417E+01  2.01173442035411E+01
  1.10000000000162E+000  8.33333333333333E-001  1.66666666666667E-001  6.66666666666667E-001  0.00000000000000E+000  0.00000000000000E+000  0.00000000000000E+000  0.00000000000000E+00 -4.33280826405380E+00  4.60276530530414E-12  5.88982137985274E-12  5.47775994887079E-12 -3.42316867073480E-12 -6.77053190019312E-12 -7.36064456678451E-12  2.01173442035396E+01  2.01173442035361E+01  2.01173442035388E+01
  1.10000000000163E+000  6.66666666666667E-001  1.66666666666667E-001  8.33333333333333E-001  0.00000000000000E+000  0.00000000000000E+000  0.00000000000000E+000  0.00000000000000E+00 -4.33280826405380E+00  4.60276530530414E-12  1.95234548380305E-12  5.47775994887079E-12  3.42428040405826E-12  4.01439307064965E-12  7.36175630010797E-12  2.01173442035396E+01  2.01173442035401E+01  2.01173442035388E+01
  1.10000000000164E+000  8.33333333333333E-001  0.00000000000000E+000  8.33333333333333E-001  0.00000000000000E+000  0.00000000000000E+000  0.00000000000000E+000  0.00000000000000E+00 -4.33280826405380E+00 -2.38579558051481E-13 -3.46893768982347E-12 -2.04961498310785E-12 -7.35666912194770E-12 -7.95695614485968E-12 -7.35666912194770E-12  2.01173442035392E+01  2.01173442035378E+01  2.01173442035411E+01
  1.10000000000165E+000  7.50000000000000E-001  8.33333333333333E-002  7.50000000000000E-001  0.00000000000000E+000  0.00000000000000E+000  0.00000000000000E+000  0.00000000000000E+00 -4.33280826405380E+00  1.51649843436785E-14  2.05003624845212E-12  2.85889757593522E-12  1.57986807416762E-29  4.05448099373600E-12  3.15973614833524E-29  2.01173442035476E+01  2.01173442035468E+01  2.01173442035448E+01
  1.10000000000166E+000  9.16666666666667E-001  2.50000000000000E-001  7.50000000000000E-001  0.00000000000000E+000  0.00000000000000E+000  0.00000000000000E+000  0.00000000000000E+00 -4.33280826405380E+00  4.00724004865981E-12 -2.88881907689014E-13 -2.81251140448607E-13 -5.38269262973879E-12 -7.93899965527502E-12 -7.29038443984043E-12  2.01173442035475E+01  2.01173442035456E+01  2.01173442035457E+01
  1.10000000000167E+000  7.50000000000000E-001  2.50000000000000E-001  9.16666666666667E-001  0.00000000000000E+000  0.00000000000000E+000  0.00000000000000E+000  0.00000000000000E+00 -4.33280826405380E+00 -2.09848547698886E-12 -2.19768545111411E-12 -2.92537230092604E-13 -1.92738288749062E-12 -2.57599810292521E-12 -2.47782555492465E-14  2.01173442035477E+01  2.01173442035477E+01  2.01173442035521E+01
  1.10000000000168E+000  9.16666666666667E-001  8.33333333333333E-002  9.16666666666667E-001  0.00000000000000E+000  0.00000000000000E+000  0.00000000000000E+000  0.00000000000000E+00 -4.33280826405380E+00  2.06592063741367E-12  1.60772416392251E-13  2.86460760857629E-12 -7.28576875013714E-12 -5.39588206359648E-12 -7.27559439381660E-12  2.01173442035370E+01  2.01173442035343E+01  2.01173442035362E+01
  1.10000000000169E+000  6.66666666666667E-001  3.33333333333333E-001  0.00000000000000E+000  0.00000000000000E+000  0.00000000000000E+000  0.00000000000000E+000  0.00000000000000E+00 -4.33280826405380E+00 -5.17306265908971E-12 -6.84674427381881E-12 -8.63743098623417E-12  4.82231142121872E-12  6.90805446692975E-12  7.34555178871315E-12  2.01173442035374E+01  2.01173442035417E+01  2.01173442035371E+01
  1.10000000000170E+000  8.33333333333333E-001  5.00000000000000E-001  0.00000000000000E+000  0.00000000000000E+000  0.00000000000000E+000  0.00000000000000E+000  0.00000000000000E+00 -4.33280826405380E+00  2.84203083651429E-12 -1.08527070321486E-12 -6.47773381431554E-13 -5.80680212793080E-12 -8.15199125981576E-12 -7.21595047832588E-12  2.01173442035455E+01  2.01173442035436E+01  2.01173442035451E+01
  1.10000000000171E+000  6.66666666666667E-001  5.00000000000000E-001  1.66666666666667E-001  0.00000000000000E+000  0.00000000000000E+000  0.00000000000000E+000  0.00000000000000E+00 -4.33280826405380E+00  2.43024959974708E-12  1.21695760852251E-12 -4.49093238966216E-13  6.97892005796911E-12  1.91972137757958E-12  7.40115584527161E-12  2.01173442035436E+01  2.01173442035457E+01  2.01173442035445E+01
  1.10000000000172E+000  8.33333333333333E-001  3.33333333333333E-001  1.66666666666667E-001  0.00000000000000E+000  0.00000000000000E+000  0.00000000000000E+000  0.00000000000000E+00 -4.33280826405380E+00 -5.93503989274541E-12 -4.89216836988977E-12 -8.79657760789777E-12 -3.65955884622508E-12 -4.30563047257961E-12 -7.18242972221276E-12  2.01173442035352E+01  2.01173442035356E+01  2.01173442035361E+01
  1.10000000000173E+000  7.50000000000000E-001  4.16666666666667E-001  8.33333333333333E-002  0.00000000000000E+000  0.00000000000000E+000  0.00000000000000E+000  0.00000000000000E+00 -4.33280826405380E+00 -1.06657432882072E-11 -5.70574458194294E-12 -8.82164120510893E-12  9.54347026831985E-13  2.29736206114342E-12  1.48029288429027E-13  2.01173442035389E+01  2.01173442035413E+01  2.01173442035432E+01
  1.10000000000174E+000  9.16666666666667E-001  5.83333333333333E-001  8.33333333333333E-002  0.00000000000000E+000  0.00000000000000E+000  0.00000000000000E+000  0.00000000000000E+00 -4.33280826405380E+00  5.47695679172752E-12  6.20442326864630E-12  7.38210501274904E-12 -4.59687497000073E-12 -5.55326446413171E-12 -7.30579734034498E-12  2.01173442035382E+01  2.01173442035344E+01  2.01173442035363E+01
  1.10000000000175E+000  7.50000000000000E-001  5.83333333333333E-001  2.50000000000000E-001  0.00000000000000E+000  0.00000000000000E+000  0.00000000000000E+000  0.00000000000000E+00 -4.33280826405380E+00  3.68103153512809E-12  5.39541057513946E-12  7.36414852316435E-12  3.12972894661988E-14  4.19260902456784E-12  2.11229331456558E-14  2.01173442035495E+01  2.01173442035475E+01  2.01173442035450E+01
  1.10000000000176E+000  9.16666666666667E-001  4.16666666666667E-001  2.50000000000000E-001  0.00000000000000E+000  0.00000000000000E+000  0.00000000000000E+000  0.00000000000000E+00 -4.33280826405380E+00 -4.07948811104089E-12 -6.26188754179704E-12 -8.59181513920117E-12 -5.39301835208308E-12 -2.96643436963396E-12 -7.29562298402445E-12  2.01173442035393E+01  2.01173442035398E+01  2.01173442035371E+01
  1.10000000000177E+000  6.66666666666667E-001  3.33333333333333E-001  3.33333333333333E-001  0.00000000000000E+000  0.00000000000000E+000  0.00000000000000E+000  0.00000000000000E+00 -4.33280826405380E+00 -6.69894300844759E-12 -8.75670657427716E-12 -8.75670657427716E-12  2.97971075541982E-12  5.41901268326968E-12  7.27583271176869E-12  2.01173442035334E+01  2.01173442035377E+01  2.01173442035359E+01
  1.10000000000178E+000  8.33333333333333E-001  5.00000000000000E-001  3.33333333333333E-001  0.00000000000000E+000  0.00000000000000E+000  0.00000000000000E+000  0.00000000000000E+00 -4.33280826405380E+00  1.54929436264881E-12 -2.76463271726090E-12 -5.18643559501245E-13 -7.91640493815417E-12 -9.89023006433931E-12 -7.54249734337425E-12  2.01173442035417E+01  2.01173442035398E+01  2.01173442035441E+01
  1.10000000000179E+000  6.66666666666667E-001  5.00000000000000E-001  5.00000000000000E-001  0.00000000000000E+000  0.00000000000000E+000  0.00000000000000E+000  0.00000000000000E+00 -4.33280826405380E+00  3.75746719702535E-12 -5.38654759323472E-13 -5.51372704724150E-13  5.04906829038815E-12  3.07269957512282E-12  7.11954980161847E-12  2.01173442035475E+01  2.01173442035495E+01  2.01173442035455E+01
  1.10000000000180E+000  8.33333333333333E-001  3.33333333333333E-001  5.00000000000000E-001  0.00000000000000E+000  0.00000000000000E+000  0.00000000000000E+000  0.00000000000000E+00 -4.33280826405380E+00 -4.34799682021180E-12 -6.39049885156049E-12 -8.61868288575921E-12 -5.48458755896796E-12 -3.06054716559897E-12 -7.36429988918811E-12  2.01173442035394E+01  2.01173442035397E+01  2.01173442035374E+01
  1.10000000000181E+000  7.50000000000000E-001  4.16666666666667E-001  4.16666666666667E-001  0.00000000000000E+000  0.00000000000000E+000  0.00000000000000E+000  0.00000000000000E+00 -4.33280826405380E+00 -1.06375306378207E-11 -8.74510036219994E-12 -8.72983882771913E-12 -2.47906861915659E-12  1.94677638027905E-12 -1.59315378073003E-13  2.01173442035388E+01  2.01173442035411E+01  2.01173442035433E+01
  1.10000000000182E+000  9.16666666666667E-001  5.83333333333333E-001  4.16666666666667E-001  0.00000000000000E+000  0.00000000000000E+000  0.00000000000000E+000  0.00000000000000E+00 -4.33280826405380E+00  5.38206977525794E-12  3.01653193073199E-12  7.34572054512260E-12 -7.71199737266211E-12 -5.60590561430998E-12 -7.28976158535963E-12  2.01173442035380E+01  2.01173442035341E+01  2.01173442035362E+01
  1.10000000000183E+000  7.50000000000000E-001  5.83333333333333E-001  5.83333333333333E-001  0.00000000000000E+000  0.00000000000000E+000  0.00000000000000E+000  0.00000000000000E+00 -4.33280826405380E+00  1.52672816950584E-12  7.39224458829830E-12  7.38207023197776E-12  1.95556590455284E-12  1.93521719191168E-12 -2.84335779528181E-14  2.01173442035432E+01  2.01173442035412E+01  2.01173442035432E+01
  1.10000000000184E+000  9.16666666666667E-001  4.16666666666667E-001  5.83333333333333E-001  0.00000000000000E+000  0.00000000000000E+000  0.00000000000000E+000  0.00000000000000E+00 -4.33280826405380E+00 -6.31066983239105E-12 -4.33430111712570E-12 -8.63805384071497E-12 -3.39584682610539E-12 -5.17381559312020E-12 -7.27482017331204E-12  2.01173442035340E+01  2.01173442035344E+01  2.01173442035361E+01
  1.10000000000185E+000  6.66666666666667E-001  3.33333333333333E-001  6.66666666666667E-001  0.00000000000000E+000  0.00000000000000E+000  0.00000000000000E+000  0.00000000000000E+00 -4.33280826405380E+00 -6.45772651058190E-12 -4.34146039590915E-12 -8.64012594133806E-12  7.38732616654742E-12  5.65259841389496E-12  7.38732616654742E-12  2.01173442035340E+01  2.01173442035383E+01  2.01173442035362E+01
  1.10000000000186E+000  8.33333333333333E-001  5.00000000000000E-001  6.66666666666667E-001  0.00000000000000E+000  0.00000000000000E+000  0.00000000000000E+000  0.00000000000000E+00 -4.33280826405380E+00  1.41743995229043E-12  1.29280408736387E-12 -8.00569725587667E-13 -3.41078823815298E-12 -9.54338151035968E-12 -7.33300259972193E-12  2.01173442035418E+01  2.01173442035400E+01  2.01173442035440E+01
  1.10000000000187E+000  6.66666666666667E-001  5.00000000000000E-001  8.33333333333333E-001  0.00000000000000E+000  0.00000000000000E+000  0.00000000000000E+000  0.00000000000000E+00 -4.33280826405380E+00  1.41743995229043E-12 -2.64467180868587E-12 -8.00569725587666E-13  3.41189997147643E-12  1.20152106083869E-12  7.33411433304539E-12  2.01173442035418E+01  2.01173442035439E+01  2.01173442035440E+01
  1.10000000000188E+000  8.33333333333333E-001  3.33333333333333E-001  8.33333333333333E-001  0.00000000000000E+000  0.00000000000000E+000  0.00000000000000E+000  0.00000000000000E+00 -4.33280826405380E+00 -6.45661477725845E-12 -8.27782455863536E-12 -8.63901420801460E-12 -7.38621443322396E-12 -5.18346628982676E-12 -7.38621443322397E-12  2.01173442035340E+01  2.01173442035344E+01  2.01173442035362E+01
  1.10000000000189E+000  7.50000000000000E-001  4.16666666666667E-001  7.50000000000000E-001  0.00000000000000E+000  0.00000000000000E+000  0.00000000000000E+000  0.00000000000000E+00 -4.33280826405380E+00 -8.36292690276035E-12 -6.25683514440811E-12 -8.56641402917117E-12 -3.15973614833524E-29  4.18166044774270E-12  3.15973614833524E-29  2.01173442035446E+01  2.01173442035469E+01  2.01173442035448E+01
  1.10000000000190E+000  9.16666666666667E-001  5.83333333333333E-001  7.50000000000000E-001  0.00000000000000E+000  0.00000000000000E+000  0.00000000000000E+000  0.00000000000000E+00 -4.33280826405380E+00  7.53722916586594E-12  5.43113740751380E-12  7.39224458829828E-12 -5.42605022935357E-12 -3.54888148821364E-12 -7.33628562853530E-12  2.01173442035430E+01  2.01173442035392E+01  2.01173442035370E+01
  1.10000000000191E+000  7.50000000000000E-001  5.83333333333333E-001  9.16666666666667E-001  0.00000000000000E+000  0.00000000000000E+000  0.00000000000000E+000  0.00000000000000E+00 -4.33280826405380E+00  1.44533331894151E-12  3.53870713189301E-12  7.38461382105789E-12 -1.87528278731196E-12  1.90703417484943E-12  2.47782555492275E-14  2.01173442035432E+01  2.01173442035413E+01  2.01173442035434E+01
  1.10000000000192E+000  9.16666666666667E-001  4.16666666666667E-001  9.16666666666667E-001  0.00000000000000E+000  0.00000000000000E+000  0.00000000000000E+000  0.00000000000000E+00 -4.33280826405380E+00 -6.38396242725797E-12 -8.21789015403556E-12 -8.62740799593737E-12 -7.31753752806031E-12 -5.30047138751299E-12 -7.31245034990004E-12  2.01173442035340E+01  2.01173442035344E+01  2.01173442035363E+01
  1.10000000000193E+000  6.66666666666667E-001  6.66666666666667E-001  0.00000000000000E+000  0.00000000000000E+000  0.00000000000000E+000  0.00000000000000E+000  0.00000000000000E+00 -4.33280826405380E+00  6.66990007031105E-12  4.84869028893414E-12  7.35666912194770E-12  4.84869028893414E-12  6.66990007031105E-12  7.35666912194770E-12  2.01173442035416E+01  2.01173442035416E+01  2.01173442035371E+01
  1.10000000000194E+000  8.33333333333333E-001  8.33333333333333E-001  0.00000000000000E+000  0.00000000000000E+000  0.00000000000000E+000  0.00000000000000E+000  0.00000000000000E+00 -4.33280826405380E+00 -4.11613663385517E-12 -5.93734641523208E-12 -7.35666912194770E-12 -5.93734641523208E-12 -4.11613663385517E-12 -7.35666912194770E-12  2.01173442035377E+01  2.01173442035377E+01  2.01173442035371E+01
  1.10000000000195E+000  6.66666666666667E-001  8.33333333333333E-001  1.66666666666667E-001  0.00000000000000E+000  0.00000000000000E+000  0.00000000000000E+000  0.00000000000000E+00 -4.33280826405380E+00 -4.70736103377005E-12 -3.84762792468422E-12 -7.36286803343141E-12  6.93952051280546E-12  6.07978740371963E-12  7.36175630010795E-12  2.01173442035360E+01  2.01173442035400E+01  2.01173442035366E+01
  1.10000000000196E+000  8.33333333333333E-001  6.66666666666667E-001  1.66666666666667E-001  0.00000000000000E+000  0.00000000000000E+000  0.00000000000000E+000  0.00000000000000E+00 -4.33280826405380E+00  6.07978740371963E-12  6.93952051280546E-12  7.36175630010795E-12 -3.84762792468422E-12 -4.70736103377005E-12 -7.36286803343141E-12  2.01173442035400E+01  2.01173442035360E+01  2.01173442035366E+01
  1.10000000000197E+000  7.50000000000000E-001  7.50000000000000E-001  8.33333333333333E-002  0.00000000000000E+000  0.00000000000000E+000  0.00000000000000E+000  0.00000000000000E+00 -4.33280826405380E+00 -2.02978408594818E-12  7.98686971162554E-13  3.15973614833524E-29  7.98686971162554E-13 -2.02978408594818E-12 -3.15973614833524E-29  2.01173442035470E+01  2.01173442035470E+01  2.01173442035511E+01
  1.10000000000198E+000  9.16666666666667E-001  9.16666666666667E-001  8.33333333333333E-002  0.00000000000000E+000  0.00000000000000E+000  0.00000000000000E+000  0.00000000000000E+00 -4.33280826405380E+00 -5.39333847451640E-12 -4.58447714703323E-12 -7.28322516105700E-12 -4.58558888035669E-12 -5.39445020783985E-12 -7.28433689438045E-12  2.01173442035343E+01  2.01173442035343E+01  2.01173442035362E+01
  1.10000000000199E+000  7.50000000000000E-001  9.16666666666667E-001  2.50000000000000E-001  0.00000000000000E+000  0.00000000000000E+000  0.00000000000000E+000  0.00000000000000E+00 -4.33280826405380E+00 -7.17337934215423E-12 -5.37506186249838E-12 -7.29547161800069E-12 -3.31780958470753E-15  4.30297850308466E-12 -1.34921659052494E-14  2.01173442035456E+01  2.01173442035475E+01  2.01173442035449E+01
  1.10000000000200E+000  9.16666666666667E-001  7.50000000000000E-001  2.50000000000000E-001  0.00000000000000E+000  0.00000000000000E+000  0.00000000000000E+000  0.00000000000000E+00 -4.33280826405380E+00  4.30297850308466E-12 -3.31780958470740E-15 -1.34921659052494E-14 -5.37506186249838E-12 -7.17337934215423E-12 -7.29547161800069E-12  2.01173442035475E+01  2.01173442035456E+01  2.01173442035449E+01
  1.10000000000201E+000  6.66666666666667E-001  6.66666666666667E-001  3.33333333333333E-001  0.00000000000000E+000  0.00000000000000E+000  0.00000000000000E+000  0.00000000000000E+00 -4.33280826405380E+00  5.24057176368436E-12  3.02764926396658E-12  7.35175070019684E-12  3.02764926396658E-12  5.24057176368436E-12  7.35175070019684E-12  2.01173442035379E+01  2.01173442035379E+01  2.01173442035363E+01
  1.10000000000202E+000  8.33333333333333E-001  8.33333333333333E-001  3.33333333333333E-001  0.00000000000000E+000  0.00000000000000E+000  0.00000000000000E+000  0.00000000000000E+00 -4.33280826405380E+00 -5.52545374065966E-12 -7.73837624037744E-12 -7.35175070019684E-12 -7.73837624037744E-12 -5.52545374065966E-12 -7.35175070019684E-12  2.01173442035340E+01  2.01173442035340E+01  2.01173442035363E+01
  1.10000000000203E+000  6.66666666666667E-001  8.33333333333333E-001  5.00000000000000E-001  0.00000000000000E+000  0.00000000000000E+000  0.00000000000000E+000  0.00000000000000E+00 -4.33280826405380E+00 -3.27852160598602E-12 -5.49144410570385E-12 -7.34063336696232E-12  5.25345846549452E-12  7.46638096521234E-12  7.34174510028577E-12  2.01173442035398E+01  2.01173442035437E+01  2.01173442035375E+01
  1.10000000000204E+000  8.33333333333333E-001  6.66666666666667E-001  5.00000000000000E-001  0.00000000000000E+000  0.00000000000000E+000  0.00000000000000E+000  0.00000000000000E+00 -4.33280826405380E+00  7.46638096521234E-12  5.25345846549452E-12  7.34174510028577E-12 -5.49144410570385E-12 -3.27852160598602E-12 -7.34063336696232E-12  2.01173442035437E+01  2.01173442035398E+01  2.01173442035375E+01
  1.10000000000205E+000  7.50000000000000E-001  7.50000000000000E-001  4.16666666666667E-001  0.00000000000000E+000  0.00000000000000E+000  0.00000000000000E+000  0.00000000000000E+00 -4.33280826405380E+00 -2.11117893651251E-12 -2.35536348820549E-12 -9.47920844500572E-29 -2.35536348820549E-12 -2.11117893651251E-12  0.00000000000000E+00  2.01173442035467E+01  2.01173442035467E+01  2.01173442035510E+01
  1.10000000000206E+000  9.16666666666667E-001  9.16666666666667E-001  4.16666666666667E-001  0.00000000000000E+000  0.00000000000000E+000  0.00000000000000E+000  0.00000000000000E+00 -4.33280826405380E+00 -5.46186401365627E-12 -7.72565829497675E-12 -7.27544302779277E-12 -7.72565829497675E-12 -5.46186401365627E-12 -7.27544302779277E-12  2.01173442035341E+01  2.01173442035341E+01  2.01173442035362E+01
  1.10000000000207E+000  7.50000000000000E-001  9.16666666666667E-001  5.83333333333333E-001  0.00000000000000E+000  0.00000000000000E+000  0.00000000000000E+000  0.00000000000000E+00 -4.33280826405380E+00 -9.42314040756987E-12 -3.46351119281240E-12 -7.32976659461836E-12  1.99605979265424E-12  2.12578283574109E-12  2.47782555492235E-14  2.01173442035394E+01  2.01173442035413E+01  2.01173442035431E+01
  1.10000000000208E+000  9.16666666666667E-001  7.50000000000000E-001  5.83333333333333E-001  0.00000000000000E+000  0.00000000000000E+000  0.00000000000000E+000  0.00000000000000E+00 -4.33280826405380E+00  2.12467110241763E-12  1.99494805933079E-12  2.36665222257679E-14 -3.46239945948894E-12 -9.42202867424642E-12 -7.32865486129491E-12  2.01173442035413E+01  2.01173442035394E+01  2.01173442035431E+01
  1.10000000000209E+000  6.66666666666667E-001  6.66666666666667E-001  6.66666666666667E-001  0.00000000000000E+000  0.00000000000000E+000  0.00000000000000E+000  0.00000000000000E+00 -4.33280826405380E+00  5.42748208511017E-12  7.39113285497484E-12  7.39113285497484E-12  7.39002112165138E-12  5.42637035178671E-12  7.39002112165138E-12  2.01173442035378E+01  2.01173442035378E+01  2.01173442035358E+01
  1.10000000000210E+000  8.33333333333333E-001  8.33333333333333E-001  6.66666666666667E-001  0.00000000000000E+000  0.00000000000000E+000  0.00000000000000E+000  0.00000000000000E+00 -4.33280826405380E+00 -5.42748208511030E-12 -3.46383131524563E-12 -7.39113285497484E-12 -3.46383131524563E-12 -5.42748208511030E-12 -7.39113285497484E-12  2.01173442035339E+01  2.01173442035339E+01  2.01173442035358E+01
  1.10000000000211E+000  6.66666666666667E-001  8.33333333333333E-001  8.33333333333333E-001  0.00000000000000E+000  0.00000000000000E+000  0.00000000000000E+000  0.00000000000000E+00 -4.33280826405380E+00 -5.42748208511030E-12 -7.39113285497484E-12 -7.39113285497484E-12  3.46271958192217E-12  5.42637035178671E-12  7.39002112165138E-12  2.01173442035339E+01  2.01173442035378E+01  2.01173442035358E+01
  1.10000000000212E+000  8.33333333333333E-001  6.66666666666667E-001  8.33333333333333E-001  0.00000000000000E+000  0.00000000000000E+000  0.00000000000000E+000  0.00000000000000E+00 -4.33280826405380E+00  5.42637035178671E-12  3.46271958192217E-12  7.39002112165138E-12 -7.39113285497484E-12 -5.42748208511030E-12 -7.39113285497484E-12  2.01173442035378E+01  2.01173442035339E+01  2.01173442035358E+01
  1.10000000000213E+000  7.50000000000000E-001  7.50000000000000E-001  7.50000000000000E-001  0.00000000000000E+000  0.00000000000000E+000  0.00000000000000E+000  0.00000000000000E+00 -4.33280826405380E+00 -2.52857885270528E-26  0.00000000000000E+00  0.00000000000000E+00  0.00000000000000E+00 -2.52857885270528E-26  0.00000000000000E+00  2.01173442035519E+01  2.01173442035519E+01  2.01173442035519E+01
  1.10000000000214E+000  9.16666666666667E-001  9.16666666666667E-001  7.50000000000000E-001  0.00000000000000E+000  0.00000000000000E+000  0.00000000000000E+000  0.00000000000000E+00 -4.33280826405380E+00 -3.39880973248565E-12 -5.42350664027339E-12 -7.32102409405449E-12 -5.42350664027340E-12 -3.39880973248565E-12 -7.32102409405449E-12  2.01173442035391E+01  2.01173442035392E+01  2.01173442035370E+01
  1.10000000000215E+000  7.50000000000000E-001  9.16666666666667E-001  9.16666666666667E-001  0.00000000000000E+000  0.00000000000000E+000  0.00000000000000E+000  0.00000000000000E+00 -4.33280826405380E+00 -9.50342352481075E-12 -7.32102409405450E-12 -7.33119845037504E-12 -1.91466494208991E-12  2.00754941947893E-12 -2.22346664690891E-14  2.01173442035394E+01  2.01173442035413E+01  2.01173442035433E+01
  1.10000000000216E+000  9.16666666666667E-001  7.50000000000000E-001  9.16666666666667E-001  0.00000000000000E+000  0.00000000000000E+000  0.00000000000000E+000  0.00000000000000E+00 -4.33280826405380E+00  2.00754941947893E-12 -1.91466494208991E-12 -2.22346664690891E-14 -7.32102409405450E-12 -9.50342352481075E-12 -7.33119845037504E-12  2.01173442035413E+01  2.01173442035394E+01  2.01173442035433E+01
