  1.00000000000000E+000
  1.32393700000000E+001  0.00000000000000E+000  0.00000000000000E+000
  0.00000000000000E+000  1.32393700000000E+001  0.00000000000000E+000
  0.00000000000000E+000  0.00000000000000E+000  1.27648560000000E+001
  0.00000000000000E+000  0.00000000000000E+000  0.00000000000000E+000
  0.00000000000000E+000  0.00000000000000E+000  0.00000000000000E+000
  0.00000000000000E+000  0.00000000000000E+000  0.00000000000000E+000
       192
  2.10000000000001E+000  0.00000000000000E+000  5.00000000000000E-001  7.50000000000000E-001  1.04071952789370E-004  1.07224946011814E-003  8.52309830730445E-005  7.3584E-002 -2.2744E+000 -1.0484E+000 -1.1270E+000 -6.3068E-001  1.4594E-001  2.5690E-002 -2.2576E-003
  2.10000000000002E+000  5.00000000000000E-001  0.00000000000000E+000  7.50000000000000E-001 -6.62996840881794E-004  2.11517614038641E-004  1.60251917806376E-004  3.2035E-002 -2.2744E+000 -1.1054E+000 -1.0697E+000 -6.2992E-001 -7.0957E-002 -1.7535E-001  2.2576E-003
  2.10000000000003E+000  5.00000000000000E-001  5.00000000000000E-001  0.00000000000000E+000  9.59335424705896E-005  7.72142797026357E-004  4.35019094649641E-004  4.9253E-002 -2.2744E+000 -1.0971E+000 -9.9489E-001 -5.5921E-001  3.5068E-015  1.2180E-016  2.0530E-001
  2.10000000000004E+000  0.00000000000000E+000  0.00000000000000E+000  0.00000000000000E+000  1.77948308130659E-004  2.29888105781288E-004  9.27261490041830E-005  5.8315E-003 -2.2744E+000 -1.4213E+000 -1.4082E+000 -8.6502E-001  4.4573E-003 -6.5577E-003  7.3149E-003
  2.10000000000005E+000  1.77926000000000E-001  6.77926000000000E-001  0.00000000000000E+000  9.62333514581409E-004 -2.65954280538155E-004  1.98267989752502E-004  6.5141E-002 -2.3218E+000 -2.6700E+000 -2.1279E+000 -4.0611E+000  4.0008E-001  5.3893E-002 -2.7700E-001
  2.10000000000006E+000  3.22074000000000E-001  1.77926000000000E-001  0.00000000000000E+000 -5.04264107049781E-004  1.22106858308516E-003  1.04658212649654E-003  1.7421E-001 -2.3218E+000 -2.6942E+000 -2.2864E+000 -4.1284E+000  4.9121E-001 -4.5404E-002  2.9554E-001
  2.10000000000007E+000  1.77926000000000E-001  1.77926000000000E-001  7.50000000000000E-001  7.81030636389868E-004  3.34541916789273E-004 -6.09638022203132E-004  6.7288E-002 -2.3218E+000 -1.8141E+000 -1.8137E+000 -2.9129E+000 -1.9751E-001  1.9118E-001 -2.4095E-001
  2.10000000000008E+000  8.22074000000000E-001  1.77926000000000E-001  2.50000000000000E-001  1.49259761317252E-004 -5.40115387971127E-004 -1.28076685693689E-004  2.0755E-002 -2.3218E+000 -1.6467E+000 -1.7413E+000 -2.8682E+000 -1.5610E-001 -1.2161E-001  2.3086E-001
  2.10000000000009E+000  8.22074000000000E-001  8.22074000000000E-001  7.50000000000000E-001 -6.15518795270838E-004 -3.59198410164181E-004 -4.80131902068105E-005  3.2151E-002 -2.3218E+000 -1.6252E+000 -1.6252E+000 -2.8059E+000  9.1297E-002 -8.5581E-002 -2.7813E-001
  2.10000000000010E+000  6.77926000000000E-001  3.22074000000000E-001  7.50000000000000E-001 -2.29348937733266E-004 -1.41746687938217E-004 -1.27954593840059E-004  5.5419E-003 -2.3218E+000 -1.6197E+000 -1.6237E+000 -2.7736E+000  1.2507E-001  1.2910E-001  1.6818E-001
  2.10000000000011E+000  8.22074000000000E-001  3.22074000000000E-001  0.00000000000000E+000 -5.50298488162431E-004 -6.15290994746612E-004  1.50217525512958E-004  4.4277E-002 -2.3218E+000 -2.6144E+000 -2.0832E+000 -4.0600E+000 -3.9593E-001 -5.1479E-002 -2.2397E-001
  2.10000000000012E+000  1.77926000000000E-001  3.22074000000000E-001  5.00000000000000E-001  4.71848698102625E-004 -2.34872262988976E-004  4.95902931604017E-005  1.7656E-002 -2.3218E+000 -1.7738E+000 -1.6512E+000 -2.7874E+000 -1.1445E-001 -2.0261E-001  2.0319E-001
  2.10000000000013E+000  3.37110000000000E-001  7.99080000000000E-002  8.19853000000000E-001  5.26706338845052E-004 -6.35125314009089E-004 -9.09694511224831E-005  4.3401E-002 -2.3050E+000 -2.4014E+000 -1.6756E+000 -2.4317E+000 -2.7003E-001  1.0400E-001  4.7809E-001
  2.10000000000014E+000  1.62890000000000E-001  5.79908000000000E-001  8.19853000000000E-001  4.35726915746875E-004 -3.03693617464867E-004  9.90421142093300E-004  7.5265E-002 -2.3050E+000 -2.9116E+000 -1.0163E+000 -2.3423E+000 -1.6528E-001 -1.5642E-001 -1.5792E-002
  2.10000000000015E+000  7.99080000000000E-002  8.37110000000000E-001  6.98530000000000E-002 -1.21853543334188E-004  1.68021487659587E-004 -3.40245853533668E-004  9.4996E-003 -2.3050E+000 -1.6509E+000 -3.1843E+000 -3.2514E+000  4.6750E-001 -1.6226E-001  6.1225E-001
  2.10000000000016E+000  4.20092000000000E-001  3.37110000000000E-001  6.98530000000000E-002 -7.70626057921076E-004 -2.42361990353240E-004 -2.29565047467040E-004  4.4227E-002 -2.3050E+000 -1.1659E+000 -2.3770E+000 -3.2453E+000  5.4901E-001  2.5401E-001 -2.8876E-001
  2.10000000000017E+000  6.62890000000000E-001  4.20092000000000E-001  9.30147000000000E-001 -2.32055794288115E-004  6.93571651186932E-004 -6.49031638283958E-005  3.3965E-002 -2.3050E+000 -2.2510E+000 -1.1319E+000 -3.2262E+000 -2.5341E-001  5.4737E-001  2.3293E-001
  2.10000000000018E+000  8.37110000000000E-001  9.20092000000000E-001  9.30147000000000E-001 -6.18120445723039E-004  5.96197489449281E-004  7.11153193904738E-004  7.6129E-002 -2.3050E+000 -3.1186E+000 -1.6302E+000 -3.2165E+000 -1.8079E-001 -4.8287E-001 -5.8923E-001
  2.10000000000019E+000  9.20092000000000E-001  6.62890000000000E-001  6.80147000000000E-001 -6.29948331701928E-005 -4.85196913588065E-004  2.58675382096391E-004  1.9011E-002 -2.3050E+000 -1.5768E+000 -2.1936E+000 -2.0719E+000  2.3529E-001 -1.0224E-001  5.4242E-001
  2.10000000000020E+000  5.79908000000000E-001  1.62890000000000E-001  6.80147000000000E-001  7.64672158389183E-004 -3.51979077420583E-004  1.65756747381988E-004  4.6280E-002 -2.3050E+000 -9.5318E-001 -2.8596E+000 -2.2031E+000  1.9035E-001  8.2402E-002 -1.0671E-001
  2.10000000000021E+000  8.37110000000000E-001  4.20092000000000E-001  8.19853000000000E-001  9.32360546039677E-005 -1.06475542679785E-004 -1.22949351636111E-004  2.1485E-003 -2.3050E+000 -2.7852E+000 -9.2584E-001 -2.3136E+000  1.2973E-001  1.4755E-001 -4.9348E-002
  2.10000000000022E+000  1.62890000000000E-001  4.20092000000000E-001  3.19853000000000E-001 -1.29550050379185E-004  2.63973036645936E-004 -4.98260299523936E-004  1.9999E-002 -2.3050E+000 -2.8629E+000 -9.5407E-001 -2.2151E+000  8.5529E-002 -1.9660E-001  1.0834E-001
  2.10000000000023E+000  7.99080000000000E-002  1.62890000000000E-001  5.69853000000000E-001  1.83986914247992E-004 -9.19712997265871E-004 -9.38442345040243E-005  5.5972E-002 -2.3050E+000 -1.7015E+000 -3.1337E+000 -2.3540E+000 -1.1088E-001 -1.2678E-001 -4.2958E-001
  2.10000000000024E+000  9.20092000000000E-001  1.62890000000000E-001  6.98530000000000E-002 -5.65891782611472E-004 -9.43893770502438E-004  6.13578298865198E-004  9.8411E-002 -2.3050E+000 -1.7176E+000 -3.2294E+000 -3.2317E+000 -4.4215E-001  1.9027E-001  5.5160E-001
  2.10000000000025E+000  1.62890000000000E-001  7.99080000000000E-002  9.30147000000000E-001  1.54771203040573E-004 -3.53273124135239E-004 -1.13174896132823E-004  1.0128E-002 -2.3050E+000 -3.2318E+000 -1.7130E+000 -3.3025E+000  1.7093E-001  4.1974E-001 -5.4353E-001
  2.10000000000026E+000  8.37110000000000E-001  7.99080000000000E-002  4.30147000000000E-001 -9.39848096438878E-005  8.82420205602301E-004 -1.02419108278569E-004  5.0257E-002 -2.3050E+000 -2.9618E+000 -1.6060E+000 -2.2721E+000  1.1479E-001 -1.5158E-001  4.4315E-001
  2.10000000000027E+000  9.20092000000000E-001  3.37110000000000E-001  1.80147000000000E-001 -4.85514019175724E-005  1.61230741882989E-004 -5.91976380014098E-004  2.2323E-002 -2.3050E+000 -1.6516E+000 -2.2942E+000 -2.3219E+000 -1.4717E-001 -2.2477E-001 -4.8240E-001
  2.10000000000028E+000  7.99080000000000E-002  3.37110000000000E-001  6.80147000000000E-001  1.34601392101150E-004  2.02809653670518E-004  1.78322905803774E-005  3.7536E-003 -2.3050E+000 -1.6316E+000 -2.3521E+000 -2.3031E+000 -1.4895E-001  1.4357E-001  5.6241E-001
  2.10000000000029E+000  5.00000000000000E-001  0.00000000000000E+000  2.50000000000000E-001 -2.84999893374805E-004 -2.62586336398837E-004 -5.10263747128999E-004  2.4725E-002 -2.2744E+000 -1.1273E+000 -1.0487E+000 -7.6171E-001 -2.5271E-002  1.4552E-001  2.5672E-003
  2.10000000000030E+000  0.00000000000000E+000  5.00000000000000E-001  2.50000000000000E-001  2.83453832464314E-004  1.27448063384288E-003  2.97388512667749E-005  1.0751E-001 -2.2744E+000 -1.0700E+000 -1.1057E+000 -7.6095E-001 -1.7493E-001  7.1377E-002 -2.5672E-003
  2.10000000000031E+000  0.00000000000000E+000  0.00000000000000E+000  5.00000000000000E-001 -5.62632560822947E-004 -4.69403805341790E-004  5.06749083544523E-005  3.3995E-002 -2.2744E+000 -1.2892E+000 -1.2074E+000 -8.6211E-001  1.1905E-001  5.6323E-002  1.1753E-001
  2.10000000000032E+000  5.00000000000000E-001  5.00000000000000E-001  5.00000000000000E-001 -3.70670024833963E-004 -3.21331428733341E-004  7.71440689855418E-004  5.0044E-002 -2.2744E+000 -6.9694E-001 -6.9694E-001 -3.7281E-001  7.3211E-016 -2.1293E-015 -1.7249E-015
  2.10000000000033E+000  6.77926000000000E-001  1.77926000000000E-001  5.00000000000000E-001  2.60273118882338E-004 -8.14006428641742E-004  3.75389340334614E-004  5.4298E-002 -2.3218E+000 -1.6370E+000 -1.7723E+000 -2.7844E+000  2.0167E-001 -1.1861E-001 -2.0237E-001
  2.10000000000034E+000  8.22074000000000E-001  6.77926000000000E-001  5.00000000000000E-001  4.30018035178485E-004 -2.85358517836655E-005  1.22908081287128E-005  1.1717E-002 -2.3218E+000 -1.6037E+000 -1.5625E+000 -2.7297E+000  8.8293E-002  1.2683E-001  1.9194E-001
  2.10000000000035E+000  6.77926000000000E-001  6.77926000000000E-001  2.50000000000000E-001 -7.96979213611523E-004 -1.82924908532352E-004  4.29907681163568E-004  5.2980E-002 -2.3218E+000 -1.6112E+000 -1.6215E+000 -2.7791E+000 -1.2479E-001  1.2976E-001 -1.6696E-001
  2.10000000000036E+000  3.22074000000000E-001  6.77926000000000E-001  7.50000000000000E-001  1.68945844145151E-004 -3.40560934959968E-005 -1.14412942597925E-004  2.6395E-003 -2.3218E+000 -1.6314E+000 -1.6120E+000 -2.7736E+000 -1.3164E-001 -1.2549E-001  1.6818E-001
  2.10000000000037E+000  3.22074000000000E-001  3.22074000000000E-001  2.50000000000000E-001  4.06081466567861E-004 -1.73873965600744E-004  1.71159469959999E-004  1.4018E-002 -2.3218E+000 -1.6268E+000 -1.6371E+000 -2.7851E+000  1.2156E-001 -1.2653E-001 -1.6861E-001
  2.10000000000038E+000  1.77926000000000E-001  8.22074000000000E-001  2.50000000000000E-001  3.01805269511106E-004  3.01236917272330E-004  4.55957928974280E-004  2.3645E-002 -2.3218E+000 -1.7382E+000 -1.6492E+000 -2.8660E+000  1.1200E-001  1.6720E-001  2.3107E-001
  2.10000000000039E+000  3.22074000000000E-001  8.22074000000000E-001  5.00000000000000E-001  3.03630070974946E-004 -7.61923284984766E-005 -7.17125883107689E-005  6.4789E-003 -2.3218E+000 -1.5736E+000 -1.6042E+000 -2.7312E+000 -1.2776E-001  8.4133E-002 -1.9443E-001
  2.10000000000040E+000  6.77926000000000E-001  8.22074000000000E-001  0.00000000000000E+000 -2.38513284506200E-004  4.02755800957461E-004 -7.16196146285647E-004  4.3870E-002 -2.3218E+000 -2.6183E+000 -2.1181E+000 -4.0757E+000 -4.1436E-001  7.6689E-002  2.8616E-001
  2.10000000000041E+000  8.37110000000000E-001  5.79908000000000E-001  3.19853000000000E-001 -2.32773997685162E-004  5.69521203961515E-004  3.05225387406199E-004  2.9322E-002 -2.3050E+000 -2.6896E+000 -8.5235E-001 -2.1330E+000 -7.4542E-002  2.3780E-001  1.1886E-001
  2.10000000000042E+000  6.62890000000000E-001  7.99080000000000E-002  3.19853000000000E-001  4.70610245173184E-006  2.48530900792591E-004  2.74386624591780E-004  8.3070E-003 -2.3050E+000 -2.3343E+000 -1.6303E+000 -2.3141E+000 -1.4550E-001 -1.5756E-001 -5.6554E-001
  2.10000000000043E+000  5.79908000000000E-001  3.37110000000000E-001  5.69853000000000E-001  1.08809666726829E-004  1.04024169141537E-004 -4.37595442528653E-004  1.2650E-002 -2.3050E+000 -8.5344E-001 -2.0242E+000 -2.1096E+000  2.2772E-001 -9.4434E-002  2.1023E-001
  2.10000000000044E+000  9.20092000000000E-001  8.37110000000000E-001  5.69853000000000E-001 -9.06265218224651E-004 -5.12251943521683E-004  3.19369767896526E-004  7.4293E-002 -2.3050E+000 -1.5776E+000 -2.9128E+000 -2.1043E+000  2.1251E-001  6.1015E-002 -4.7695E-001
  2.10000000000045E+000  1.62890000000000E-001  9.20092000000000E-001  4.30147000000000E-001  5.96350128371612E-004  4.27759147625161E-006  7.34173180993566E-004  5.4006E-002 -2.3050E+000 -2.9766E+000 -1.6471E+000 -2.1111E+000 -8.2753E-002  1.9169E-001  4.1036E-001
  2.10000000000046E+000  3.37110000000000E-001  4.20092000000000E-001  4.30147000000000E-001 -4.35958744887205E-004 -7.17576104795340E-004 -7.31724308510209E-004  7.5816E-002 -2.3050E+000 -2.0242E+000 -8.5344E-001 -2.1096E+000 -9.4431E-002 -2.2771E-001 -2.1023E-001
  2.10000000000047E+000  4.20092000000000E-001  1.62890000000000E-001  1.80147000000000E-001  1.88063873707101E-004  7.90836837934705E-005 -1.64691781975055E-004  4.2132E-003 -2.3050E+000 -1.0447E+000 -2.9591E+000 -2.4495E+000  1.1112E-001 -1.7106E-001  4.1400E-002
  2.10000000000048E+000  7.99080000000000E-002  6.62890000000000E-001  1.80147000000000E-001  1.60773755497415E-004 -8.75495239593010E-004  5.20546765032219E-004  6.5826E-002 -2.3050E+000 -1.7019E+000 -2.4279E+000 -2.5381E+000  6.1066E-002  2.7469E-001 -5.0518E-001
  2.10000000000049E+000  3.37110000000000E-001  9.20092000000000E-001  3.19853000000000E-001 -4.32560256750608E-004  4.59774139555724E-005  1.37212614883423E-005  1.1939E-002 -2.3050E+000 -2.1983E+000 -1.5780E+000 -2.0721E+000  1.0259E-001  2.3602E-001 -5.4483E-001
  2.10000000000050E+000  6.62890000000000E-001  9.20092000000000E-001  8.19853000000000E-001 -1.78751111323725E-004 -5.41780101333380E-004 -2.77419933740437E-004  2.5027E-002 -2.3050E+000 -2.2890E+000 -1.6332E+000 -2.2680E+000  1.9403E-001 -1.4176E-001  4.7738E-001
  2.10000000000051E+000  5.79908000000000E-001  6.62890000000000E-001  6.98530000000000E-002  2.16877045005955E-004 -1.16954025663836E-004  8.06940066400249E-004  4.1985E-002 -2.3050E+000 -1.1638E+000 -2.3559E+000 -3.2445E+000 -5.5138E-001 -2.5290E-001 -2.9024E-001
  2.10000000000052E+000  4.20092000000000E-001  6.62890000000000E-001  5.69853000000000E-001 -1.78000559014333E-004  2.81644312088463E-005  1.11573250027090E-003  7.4996E-002 -2.3050E+000 -8.5131E-001 -2.0031E+000 -2.1088E+000 -2.3008E-001  9.3319E-002  2.1171E-001
  2.10000000000053E+000  6.62890000000000E-001  5.79908000000000E-001  4.30147000000000E-001 -1.91999448763000E-005 -6.05534373973512E-004  9.88172182347629E-004  8.0360E-002 -2.3050E+000 -2.0031E+000 -8.5131E-001 -2.1088E+000  9.3316E-002  2.3007E-001 -2.1171E-001
  2.10000000000054E+000  3.37110000000000E-001  5.79908000000000E-001  9.30147000000000E-001 -4.09448229523141E-004  4.99818706956723E-004  8.14840836759318E-004  6.5225E-002 -2.3050E+000 -2.2560E+000 -1.1331E+000 -3.2264E+000  2.5376E-001 -5.4823E-001  2.3528E-001
  2.10000000000055E+000  4.20092000000000E-001  8.37110000000000E-001  6.80147000000000E-001  6.13582518598578E-004 -8.44197206619570E-005  3.28727479096863E-004  3.0514E-002 -2.3050E+000 -8.5226E-001 -2.6895E+000 -2.1328E+000 -2.3782E-001 -7.4491E-002 -1.1885E-001
  2.10000000000056E+000  5.79908000000000E-001  8.37110000000000E-001  1.80147000000000E-001 -4.37456314393806E-004 -7.57964858721086E-004  2.00633319856430E-004  5.0638E-002 -2.3050E+000 -9.4299E-001 -2.7858E+000 -2.3675E+000 -1.5231E-001  1.6007E-001  5.1924E-002
  3.10000000000057E+000  0.00000000000000E+000  5.00000000000000E-001  0.00000000000000E+000  1.12142018739923E-004 -5.41695176558112E-005  5.73420687336687E-005  2.3425E-002 -4.5669E+000 -7.8019E+000 -6.4905E+000 -4.9327E+000  8.1558E-002  4.8391E-001 -1.0027E+000
  3.10000000000058E+000  0.00000000000000E+000  5.00000000000000E-001  5.00000000000000E-001 -5.97063692497335E-005  2.05090693193346E-004 -1.78336961071190E-005  5.7939E-002 -4.5669E+000 -6.0989E+000 -6.3318E+000 -4.3571E+000 -4.1768E-001 -1.4662E-002  8.3572E-001
  3.10000000000059E+000  0.00000000000000E+000  0.00000000000000E+000  7.50000000000000E-001  1.39426497983360E-004 -5.44241175519902E-005 -8.88177853804793E-005  3.7516E-002 -4.5669E+000 -6.5585E+000 -6.5591E+000 -5.5666E+000 -2.8184E-001  2.4643E-001 -4.6031E-001
  3.10000000000060E+000  0.00000000000000E+000  0.00000000000000E+000  2.50000000000000E-001 -7.33847004793883E-005 -8.66358655188893E-005  1.17608906675556E-004  3.2487E-002 -4.5669E+000 -7.9187E+000 -7.9060E+000 -4.6142E+000  1.4916E-001 -1.4092E-001  1.4900E+000
  3.10000000000061E+000  7.50000000000000E-001  6.28007000000000E-001  8.75000000000000E-001 -2.27667252488635E-004 -4.54991633664202E-005  3.45609933146092E-005  6.9408E-002 -4.6512E+000 -3.7648E+000 -2.4357E+000 -4.0731E+000 -1.1993E-001  6.6247E-001  8.3062E-002
  3.10000000000062E+000  7.50000000000000E-001  1.28007000000000E-001  8.75000000000000E-001 -1.60670914073272E-005  1.62094665145103E-004  1.36543926999209E-005  3.3694E-002 -4.6512E+000 -4.0933E+000 -4.3606E+000 -4.8482E+000 -1.7997E-001 -3.3207E-001 -4.5802E-002
  3.10000000000063E+000  6.28007000000000E-001  2.50000000000000E-001  1.25000000000000E-001 -3.46416934923204E-005 -3.20533322497821E-005  7.18547721832345E-007  2.8109E-003 -4.6512E+000 -2.6416E+000 -4.1722E+000 -4.1497E+000  6.5587E-001  1.3888E-001 -6.8162E-002
  3.10000000000064E+000  3.71993000000000E-001  2.50000000000000E-001  6.25000000000000E-001  1.96044059921431E-004  6.21464930724911E-005 -1.08485629491083E-004  6.7166E-002 -4.6512E+000 -2.5108E+000 -3.9705E+000 -3.0438E+000  3.9630E-001 -2.6690E-002 -2.2719E-002
  3.10000000000065E+000  2.50000000000000E-001  8.71993000000000E-001  8.75000000000000E-001 -6.67869169469124E-005 -7.73712526455426E-005  1.58159116397426E-005  1.3474E-002 -4.6512E+000 -4.2872E+000 -4.3407E+000 -4.6097E+000  4.9612E-002  3.1773E-001 -1.3971E-001
  3.10000000000066E+000  2.50000000000000E-001  3.71993000000000E-001  8.75000000000000E-001  1.97698090735207E-006 -3.60176342088567E-005 -3.46620816485494E-005  3.0508E-003 -4.6512E+000 -4.0181E+000 -2.5095E+000 -4.0854E+000  1.1902E-001 -6.7680E-001 -1.0848E-002
  3.10000000000067E+000  1.28007000000000E-001  2.50000000000000E-001  1.25000000000000E-001  7.74622695994854E-005 -5.08173859152833E-005 -5.65298389318103E-005  1.4577E-002 -4.6512E+000 -4.5675E+000 -4.5828E+000 -4.9407E+000 -2.5893E-001  2.2709E-001  1.7203E-001
  3.10000000000068E+000  8.71993000000000E-001  2.50000000000000E-001  6.25000000000000E-001 -1.43995836510234E-005  8.71723971944380E-005  4.21204936190985E-005  1.1930E-002 -4.6512E+000 -4.3236E+000 -4.0347E+000 -3.3982E+000 -2.3740E-001  1.3510E-002 -4.6404E-002
  3.10000000000069E+000  5.00000000000000E-001  0.00000000000000E+000  5.00000000000000E-001  2.25745153447958E-004 -7.28549186317861E-005  2.10095985295184E-005  7.1510E-002 -4.5669E+000 -6.3318E+000 -6.0989E+000 -4.3571E+000  1.4662E-002 -4.1768E-001 -8.3572E-001
  3.10000000000070E+000  5.00000000000000E-001  0.00000000000000E+000  0.00000000000000E+000 -8.12759366630552E-005 -2.61107751873936E-004  1.47691920838036E-006  9.4354E-002 -4.5669E+000 -8.0285E+000 -6.4842E+000 -4.9722E+000  4.9857E-001  3.3613E-001  1.0027E+000
  3.10000000000071E+000  5.00000000000000E-001  5.00000000000000E-001  2.50000000000000E-001 -1.53333540524448E-004 -7.35479859353408E-006 -1.74208003086236E-004  6.5326E-002 -4.5669E+000 -4.0952E+000 -4.0829E+000 -2.9608E+000 -2.5598E-015  2.5690E-015 -5.5914E-001
  3.10000000000072E+000  5.00000000000000E-001  5.00000000000000E-001  7.50000000000000E-001  8.92894538603817E-005 -8.93393321384019E-005 -1.57514394029250E-004  4.9228E-002 -4.5669E+000 -4.0796E+000 -4.0918E+000 -2.8274E+000 -6.2962E-016  7.4138E-016  5.5914E-001
  3.10000000000073E+000  2.50000000000000E-001  1.28007000000000E-001  3.75000000000000E-001  1.14002240564594E-004 -1.89013357852072E-004 -1.10016444489855E-004  7.5668E-002 -4.6512E+000 -4.3169E+000 -4.5284E+000 -3.9381E+000  1.5048E-002  1.6112E-001  4.6097E-002
  3.10000000000074E+000  2.50000000000000E-001  6.28007000000000E-001  3.75000000000000E-001  1.61796546294126E-006 -1.87406649036019E-004  3.98512896239108E-005  4.6177E-002 -4.6512E+000 -3.9709E+000 -2.4855E+000 -3.0442E+000 -2.5152E-002 -3.9852E-001  2.3025E-002
  3.10000000000075E+000  1.28007000000000E-001  7.50000000000000E-001  6.25000000000000E-001 -5.08781953597874E-005 -3.67540643745423E-006 -1.48233876257915E-006  3.2856E-003 -4.6512E+000 -4.4380E+000 -3.9519E+000 -3.8942E+000  1.9815E-001 -3.3608E-002 -9.4052E-003
  3.10000000000076E+000  8.71993000000000E-001  7.50000000000000E-001  1.25000000000000E-001 -1.63989670150574E-004 -4.18748838110892E-005 -3.38764253295762E-005  3.7488E-002 -4.6512E+000 -4.3751E+000 -4.0774E+000 -4.6436E+000  3.3743E-001 -1.0407E-001  6.2900E-002
  3.10000000000077E+000  7.50000000000000E-001  3.71993000000000E-001  3.75000000000000E-001 -5.43849379549699E-005 -4.33229583302811E-005  1.76542382306939E-005  6.4652E-003 -4.6512E+000 -3.6064E+000 -2.4208E+000 -3.0222E+000  4.5250E-002  4.3777E-001 -1.3973E-002
  3.10000000000078E+000  7.50000000000000E-001  8.71993000000000E-001  3.75000000000000E-001  4.63284612687912E-005  5.73203574267083E-006 -4.93523879591820E-005  5.6061E-003 -4.6512E+000 -3.8115E+000 -4.2706E+000 -3.4093E+000 -1.5048E-002 -2.3962E-001 -6.3034E-002
  3.10000000000079E+000  6.28007000000000E-001  7.50000000000000E-001  6.25000000000000E-001  3.80670415197225E-005 -7.41539370330998E-005 -1.01060481945756E-005  8.8857E-003 -4.6512E+000 -2.3951E+000 -3.6060E+000 -3.0003E+000 -4.3555E-001  4.6787E-002  1.4280E-002
  3.10000000000080E+000  3.71993000000000E-001  7.50000000000000E-001  1.25000000000000E-001  3.81957317809165E-005  8.56780828048803E-005  8.67298319717179E-005  1.9925E-002 -4.6512E+000 -2.5641E+000 -3.8077E+000 -4.1223E+000 -6.9512E-001 -1.5073E-001 -1.0516E-001
  4.10000000000081E+000  2.50000000000000E-001  0.00000000000000E+000  6.25000000000000E-001  1.03950098380551E-004  2.34249242398937E-004 -2.26675984723568E-005  5.4818E-002 -6.5693E+000 -7.2612E+000 -6.9787E+000 -6.7205E+000  6.3902E-002  2.5314E-001 -1.8765E-001
  4.10000000000082E+000  7.50000000000000E-001  0.00000000000000E+000  1.25000000000000E-001  8.63724682871394E-005 -7.84470006889748E-005 -2.97480766598454E-004  7.9447E-002 -6.5693E+000 -7.1208E+000 -7.0054E+000 -6.6431E+000  7.3721E-002 -8.4651E-002  1.6314E-001
  4.10000000000083E+000  0.00000000000000E+000  7.50000000000000E-001  8.75000000000000E-001  9.41125168166654E-005  1.07545204112337E-004 -1.14979216701990E-004  2.7106E-002 -6.5693E+000 -7.0962E+000 -6.9852E+000 -8.5420E+000  7.4269E-001 -3.6966E-001 -1.5247E-001
  4.10000000000084E+000  5.00000000000000E-001  2.50000000000000E-001  8.75000000000000E-001 -8.01639382568046E-005 -1.39978546708806E-006  8.71552444457468E-005  1.1178E-002 -6.5693E+000 -4.8029E+000 -4.8857E+000 -6.3095E+000  6.2340E-001  3.8946E-001  5.9471E-002
  4.10000000000085E+000  7.50000000000000E-001  5.00000000000000E-001  6.25000000000000E-001 -9.23588918041757E-005  8.34457664354396E-005 -4.36697239205270E-006  1.2853E-002 -6.5693E+000 -4.4453E+000 -4.6622E+000 -4.3540E+000 -4.6154E-002  3.8029E-002  1.6845E-001
  4.10000000000086E+000  7.50000000000000E-001  0.00000000000000E+000  6.25000000000000E-001 -7.48951212790704E-005  3.06059552215590E-005 -1.65169982245112E-004  2.6438E-002 -6.5693E+000 -6.9517E+000 -6.9974E+000 -6.6436E+000 -6.7966E-002 -1.7677E-001 -2.3927E-001
  4.10000000000087E+000  0.00000000000000E+000  2.50000000000000E-001  3.75000000000000E-001 -1.08597039203007E-004  6.64885628494261E-005  9.01344241237815E-005  1.9693E-002 -6.5693E+000 -7.0096E+000 -7.2604E+000 -6.7479E+000 -2.4091E-001  6.7966E-002  2.5140E-001
  4.10000000000088E+000  0.00000000000000E+000  2.50000000000000E-001  8.75000000000000E-001  8.15893910222049E-005 -2.31594529935793E-005  5.03412932494564E-005  7.9125E-003 -6.5693E+000 -7.0004E+000 -7.1267E+000 -6.6479E+000 -9.1954E-002 -6.3715E-002 -1.5956E-001
  4.10000000000089E+000  7.50000000000000E-001  5.00000000000000E-001  1.25000000000000E-001 -1.09142990358537E-006 -1.29032552873269E-004  2.01245412816366E-004  4.4993E-002 -6.5693E+000 -4.8862E+000 -4.9140E+000 -6.3380E+000 -4.6120E-001  6.7400E-001 -1.1589E-002
  4.10000000000090E+000  2.50000000000000E-001  5.00000000000000E-001  6.25000000000000E-001 -4.99256736137564E-005  8.80317641530937E-005  4.44277007046604E-005  1.0007E-002 -6.5693E+000 -4.7535E+000 -4.6865E+000 -4.4432E+000  4.6154E-002 -1.2035E-001  1.6845E-001
  4.10000000000091E+000  5.00000000000000E-001  2.50000000000000E-001  3.75000000000000E-001 -5.46624823649065E-005  7.76426597202386E-005 -1.93830344623591E-004  3.6411E-002 -6.5693E+000 -4.6870E+000 -4.7602E+000 -4.4593E+000  1.1136E-001  4.5090E-002 -1.6866E-001
  4.10000000000092E+000  0.00000000000000E+000  7.50000000000000E-001  3.75000000000000E-001 -5.89363923960986E-005 -1.23570630164835E-004  2.21877553767640E-004  5.3452E-002 -6.5693E+000 -6.9671E+000 -6.9656E+000 -6.6455E+000  1.7091E-001 -6.2838E-002  1.9998E-001
  4.10000000000093E+000  2.50000000000000E-001  0.00000000000000E+000  1.25000000000000E-001 -2.83251807025245E-004  6.59515887003943E-005  7.35736943285630E-005  7.4255E-002 -6.5693E+000 -7.5202E+000 -7.2143E+000 -8.7184E+000  4.3972E-001  9.7086E-001  1.1314E-001
  4.10000000000094E+000  2.50000000000000E-001  5.00000000000000E-001  1.25000000000000E-001  2.15630252345523E-005 -1.46692727518917E-004  9.66694553829648E-005  2.5414E-002 -6.5693E+000 -5.1882E+000 -4.9261E+000 -6.4283E+000  4.6120E-001 -7.3502E-001 -1.1589E-002
  4.10000000000095E+000  5.00000000000000E-001  7.50000000000000E-001  8.75000000000000E-001 -5.42296538601042E-005  2.54172040432572E-005 -6.59038089175837E-005  6.3177E-003 -6.5693E+000 -4.7908E+000 -4.8103E+000 -6.2718E+000 -6.7164E-001 -3.8946E-001  5.9471E-002
  4.10000000000096E+000  5.00000000000000E-001  7.50000000000000E-001  3.75000000000000E-001 -3.38255101452166E-006  2.54377825054660E-004  2.01427724588223E-005  5.3940E-002 -6.5693E+000 -4.6627E+000 -4.4457E+000 -4.3569E+000 -3.8123E-002 -4.5090E-002 -1.6866E-001
  1.10000000000097E+000  8.05323000000000E-001  4.65807000000000E-001  9.71645000000000E-001 -3.39712066951144E-004  2.66808567689860E-004 -1.81411548060439E-004  3.1562E-002 -4.1205E+000 -5.9837E+000 -3.3908E+000 -6.4361E+000 -5.5686E-001  8.7957E-001  1.1486E-001
  1.10000000000098E+000  1.94677000000000E-001  4.65807000000000E-001  4.71645000000000E-001 -5.09755104759227E-004 -3.23273614948314E-005  5.35060415088280E-004  7.6590E-002 -4.1205E+000 -3.4751E+000 -2.3507E+000 -3.9192E+000 -1.7785E-001 -2.7786E-001 -1.1144E-001
  1.10000000000099E+000  4.65807000000000E-001  3.05323000000000E-001  2.21645000000000E-001  5.64242884980939E-004  9.40831400613849E-005 -2.75637383638478E-005  4.7656E-002 -4.1205E+000 -2.3585E+000 -3.4549E+000 -4.0674E+000  2.8012E-001 -1.6088E-001  1.1219E-001
  1.10000000000100E+000  3.41930000000000E-002  8.05323000000000E-001  2.21645000000000E-001  6.17036492533496E-004  4.72511391892408E-004  3.88026319883476E-004  1.0812E-001 -4.1205E+000 -3.8270E+000 -5.5543E+000 -4.7089E+000 -1.9111E-002 -2.0438E-001 -2.6202E-001
  1.10000000000101E+000  1.94677000000000E-001  3.41930000000000E-002  7.78355000000000E-001 -2.45626880148260E-004 -3.88580032822126E-004  5.34663335823687E-005  3.1097E-002 -4.1205E+000 -3.8512E+000 -3.6821E+000 -4.7291E+000  2.4334E-001  9.9296E-002  3.8717E-001
  1.10000000000102E+000  8.05323000000000E-001  3.41930000000000E-002  2.78355000000000E-001 -2.36718905317603E-005 -2.00539970888200E-004 -2.52558484737503E-005  6.0120E-003 -4.1205E+000 -5.5508E+000 -3.8199E+000 -4.5972E+000  2.0901E-001 -1.5956E-004 -2.5702E-001
  1.10000000000103E+000  5.34193000000000E-001  1.94677000000000E-001  5.28355000000000E-001 -1.15589432884281E-004  2.49819374399011E-004 -7.32338747216250E-004  8.3464E-002 -4.1205E+000 -2.3507E+000 -3.4751E+000 -3.9192E+000  2.7786E-001 -1.7785E-001  1.1144E-001
  1.10000000000104E+000  9.65807000000000E-001  6.94677000000000E-001  5.28355000000000E-001  3.95945898338267E-004  2.80964438624926E-004 -3.16845745253911E-005  3.4390E-002 -4.1205E+000 -3.7902E+000 -5.8928E+000 -6.6086E+000  6.3047E-001  1.7234E-001 -2.8584E-001
  1.10000000000105E+000  3.05323000000000E-001  3.41930000000000E-002  9.71645000000000E-001 -6.65408405236085E-004  3.82046005662794E-004 -2.22966630742101E-004  9.2272E-002 -4.1205E+000 -5.9081E+000 -4.2419E+000 -6.6552E+000 -7.2014E-002  5.4874E-001 -3.2995E-001
  1.10000000000106E+000  1.94677000000000E-001  5.34193000000000E-001  9.71645000000000E-001 -2.38691035973339E-005  2.21471123364801E-004 -3.59539844550749E-004  2.4674E-002 -4.1205E+000 -5.7645E+000 -3.1943E+000 -6.3087E+000  5.2776E-001 -7.2563E-001  3.6084E-002
  1.10000000000107E+000  9.65807000000000E-001  1.94677000000000E-001  2.21645000000000E-001 -5.19549136424702E-004  3.69701951476545E-004  2.66595937324855E-004  6.8692E-002 -4.1205E+000 -3.7896E+000 -5.8750E+000 -6.6303E+000 -6.3958E-001 -1.7766E-001 -3.1864E-001
  1.10000000000108E+000  3.41930000000000E-002  1.94677000000000E-001  7.21645000000000E-001 -2.90630318263600E-004  1.30935398396030E-004 -4.95297197867950E-005  1.5098E-002 -4.1205E+000 -3.6343E+000 -3.7304E+000 -4.4606E+000 -9.8321E-002 -3.0300E-001  4.3233E-001
  1.10000000000109E+000  6.94677000000000E-001  4.65807000000000E-001  7.78355000000000E-001  2.74029304679598E-004 -2.44991301107521E-004  1.14201315500285E-004  2.1397E-002 -4.1205E+000 -3.7725E+000 -2.4380E+000 -4.3034E+000  2.1539E-001  2.8975E-001 -6.2883E-002
  1.10000000000110E+000  8.05323000000000E-001  9.65807000000000E-001  7.78355000000000E-001  1.94778221728878E-005 -1.93499872857981E-004  2.62757128732131E-004  1.4823E-002 -4.1205E+000 -6.0284E+000 -3.9798E+000 -6.7630E+000  3.1048E-001 -6.3162E-001  4.0429E-001
  1.10000000000111E+000  3.41930000000000E-002  3.05323000000000E-001  5.28355000000000E-001  2.16938132518490E-004 -3.12957295983424E-004  3.50406049300770E-004  3.7660E-002 -4.1205E+000 -3.6177E+000 -3.6866E+000 -4.3680E+000 -1.1950E-001  2.9547E-001 -4.2285E-001
  1.10000000000112E+000  9.65807000000000E-001  3.05323000000000E-001  2.83550000000000E-002  6.81883954129560E-005  2.51363507457908E-004 -1.01529618005206E-004  1.1250E-002 -4.1205E+000 -4.0359E+000 -6.0242E+000 -6.8784E+000 -5.9521E-001 -6.2200E-002  2.9766E-001
  1.10000000000113E+000  1.01585000000000E-001  5.47980000000000E-002  9.13190000000000E-002 -2.35679487290856E-004  1.75627616979826E-004  5.27782352904290E-004  5.0185E-002 -3.8451E+000 -4.9171E+000 -5.1296E+000 -4.2139E+000  5.3022E-001  5.1148E-001  9.7927E-001
  1.10000000000114E+000  8.98415000000000E-001  5.47980000000000E-002  5.91319000000000E-001 -3.50068019630666E-004 -1.00439222082240E-004  1.13448992114910E-004  2.1014E-002 -3.8451E+000 -5.0590E+000 -5.2051E+000 -3.9368E+000  5.4599E-001 -5.5596E-001 -9.0076E-001
  1.10000000000115E+000  5.47980000000000E-002  6.01585000000000E-001  3.41319000000000E-001  1.21675401509397E-004  1.64183164405747E-004  1.45082988218316E-004  8.9124E-003 -3.8451E+000 -4.6931E+000 -3.9618E+000 -2.9203E+000  2.3900E-001  2.0916E-001  5.9618E-001
  1.10000000000116E+000  9.45202000000000E-001  6.01585000000000E-001  8.41319000000000E-001 -2.62625595028365E-005 -1.66314490970644E-004 -2.31537478649232E-004  1.1362E-002 -3.8451E+000 -5.1172E+000 -6.3988E+000 -4.0496E+000  1.7779E-001 -4.7909E-001 -1.1231E+000
  1.10000000000117E+000  8.98415000000000E-001  4.45202000000000E-001  6.58681000000000E-001 -7.54950166382125E-005  3.18411835474974E-004  4.03144892608315E-004  3.7518E-002 -3.8451E+000 -4.9484E+000 -4.2230E+000 -3.7406E+000  6.2358E-001  5.4018E-001  8.2947E-001
  1.10000000000118E+000  1.01585000000000E-001  4.45202000000000E-001  1.58681000000000E-001  1.02267884716063E-004  5.53436518123007E-004 -4.46660010242413E-004  7.2983E-002 -3.8451E+000 -4.6669E+000 -4.0055E+000 -3.0031E+000  2.5694E-001 -8.5141E-002 -9.3720E-001
  1.10000000000119E+000  9.45202000000000E-001  8.98415000000000E-001  4.08681000000000E-001  1.41867939165786E-004  1.42764008791905E-004  1.18451696122295E-004  7.7822E-003 -3.8451E+000 -5.4690E+000 -7.0167E+000 -4.0312E+000  1.3478E-001  7.0189E-001  1.6178E+000
  1.10000000000120E+000  5.47980000000000E-002  8.98415000000000E-001  9.08681000000000E-001  1.51897902606786E-004 -2.49470577319570E-004  6.77904754070409E-005  1.3018E-002 -3.8451E+000 -5.3109E+000 -5.4509E+000 -4.9929E+000  1.0523E+000 -7.6835E-001 -7.1964E-001
  1.10000000000121E+000  6.01585000000000E-001  4.45202000000000E-001  9.13190000000000E-002 -9.97355428284729E-005  4.84492496599602E-004 -4.76746868608418E-004  6.6263E-002 -3.8451E+000 -4.1217E+000 -3.9299E+000 -4.0669E+000 -4.5811E-001  6.0027E-001 -6.1352E-001
  1.10000000000122E+000  8.98415000000000E-001  9.45202000000000E-001  9.13190000000000E-002  5.56687303138969E-005 -6.68726077767676E-004  1.42964068620778E-004  6.8199E-002 -3.8451E+000 -7.1908E+000 -5.5124E+000 -5.0546E+000 -8.8041E-001 -5.4750E-001  1.5453E+000
  1.10000000000123E+000  5.47980000000000E-002  3.98415000000000E-001  8.41319000000000E-001  2.10473234766054E-004  1.05246275403482E-004  5.07621710655251E-004  4.2858E-002 -3.8451E+000 -4.8452E+000 -4.3474E+000 -3.8494E+000 -6.3000E-001  3.4438E-001 -4.3098E-001
  1.10000000000124E+000  4.45202000000000E-001  8.98415000000000E-001  8.41319000000000E-001  2.22042171739723E-004 -1.77544785346326E-004 -1.81708210039503E-005  1.1790E-002 -3.8451E+000 -4.3819E+000 -5.0478E+000 -3.9891E+000 -3.7905E-001 -6.6064E-001  8.5205E-001
  1.10000000000125E+000  3.98415000000000E-001  5.47980000000000E-002  6.58681000000000E-001 -2.79432919472000E-004 -4.41856477726865E-004  5.46710622153587E-004  8.0098E-002 -3.8451E+000 -3.9476E+000 -4.6998E+000 -3.0473E+000 -2.0531E-001  2.1492E-001 -5.8495E-001
  1.10000000000126E+000  1.01585000000000E-001  5.54798000000000E-001  6.58681000000000E-001  2.25278883388733E-004 -2.12313312355718E-004  3.60223270942601E-005  1.4101E-002 -3.8451E+000 -4.5950E+000 -3.9446E+000 -2.8334E+000 -3.0811E-001 -1.5539E-001  9.2809E-001
  1.10000000000127E+000  9.45202000000000E-001  1.01585000000000E-001  9.08681000000000E-001  1.82294742782189E-004  2.95632774784767E-004  3.64267072910574E-004  3.5456E-002 -3.8451E+000 -5.5453E+000 -7.3820E+000 -5.0291E+000 -6.0575E-001  9.6567E-001 -1.4189E+000
  1.10000000000128E+000  5.54798000000000E-001  6.01585000000000E-001  9.08681000000000E-001  1.71703104900875E-004  9.00649411689433E-005  1.36145406320646E-004  7.9673E-003 -3.8451E+000 -4.0188E+000 -4.3422E+000 -4.1097E+000 -6.6710E-001 -4.9543E-001  5.0654E-001
  1.10000000000129E+000  7.77925000000000E-001  6.50318000000000E-001  6.78844000000000E-001  1.53558224987747E-004  3.09422983418007E-004 -3.71200719633350E-004  3.5955E-002 -3.8801E+000 -1.7675E+000 -4.2472E+000 -3.6468E+000 -6.5801E-001  6.4031E-002 -4.3625E-001
  1.10000000000130E+000  7.22075000000000E-001  1.50318000000000E-001  6.78844000000000E-001 -8.56814464595476E-005  6.10094956977914E-005 -2.05602577620204E-004  7.3185E-003 -3.8801E+000 -1.5809E+000 -4.3379E+000 -3.5884E+000 -4.8284E-001 -1.4485E-001  5.8021E-001
  1.10000000000131E+000  6.50318000000000E-001  2.77925000000000E-001  9.28844000000000E-001  3.04781933425948E-004 -3.97431271971323E-004 -3.59811073836651E-004  5.3943E-002 -3.8801E+000 -5.4734E+000 -1.9428E+000 -4.9532E+000  8.2747E-002 -7.4200E-001 -7.5396E-001
  1.10000000000132E+000  3.49682000000000E-001  2.77925000000000E-001  4.28844000000000E-001  2.43426546761818E-004  2.27856469688986E-005 -2.36658054957055E-004  1.6253E-002 -3.8801E+000 -3.9755E+000 -1.2886E+000 -3.3828E+000  1.0378E-001  5.9375E-001  5.3876E-001
  1.10000000000133E+000  2.22075000000000E-001  8.49682000000000E-001  7.11560000000000E-002 -7.08403495474051E-004 -1.52273253666547E-004 -2.00896874845085E-004  8.1750E-002 -3.8801E+000 -2.1143E+000 -6.5608E+000 -5.1345E+000 -1.1627E+000  1.3714E-001 -8.5115E-001
  1.10000000000134E+000  2.77925000000000E-001  3.49682000000000E-001  7.11560000000000E-002 -2.26139595020934E-004 -1.73346015578651E-005  5.10210045721055E-004  4.2642E-002 -3.8801E+000 -1.5605E+000 -4.3149E+000 -4.7805E+000 -4.5616E-001 -1.8269E-001  5.3036E-001
  1.10000000000135E+000  3.49682000000000E-001  2.22075000000000E-001  8.21156000000000E-001  2.43081779930963E-004  1.53957721319380E-004 -5.37142947748613E-005  1.2421E-002 -3.8801E+000 -4.1277E+000 -1.6030E+000 -4.8597E+000  3.8797E-001 -5.1697E-001 -5.6480E-001
  1.10000000000136E+000  6.50318000000000E-001  2.22075000000000E-001  3.21156000000000E-001 -2.33426943578733E-004 -3.62460121652562E-005  4.64401979130989E-004  3.7245E-002 -3.8801E+000 -4.0822E+000 -1.3339E+000 -3.3988E+000  1.1788E-001  5.8126E-001  5.5752E-001
  1.10000000000137E+000  7.77925000000000E-001  3.49682000000000E-001  1.78844000000000E-001  5.83814943958040E-004 -2.06942360771963E-004  3.05391249386632E-004  6.8355E-002 -3.8801E+000 -1.8128E+000 -4.2061E+000 -3.9039E+000  6.9771E-001 -4.7722E-002  4.6815E-001
  1.10000000000138E+000  2.22075000000000E-001  3.49682000000000E-001  6.78844000000000E-001  3.27055425941298E-005 -3.83634308878566E-004  2.92909121211705E-004  3.3134E-002 -3.8801E+000 -1.3368E+000 -3.9918E+000 -3.4330E+000  5.9774E-001 -1.1998E-001 -5.5043E-001
  1.10000000000139E+000  1.50318000000000E-001  2.22075000000000E-001  9.28844000000000E-001  2.97495044230707E-004  6.86191747899261E-007 -3.43388083817747E-004  2.8791E-002 -3.8801E+000 -5.4343E+000 -1.9736E+000 -4.9641E+000 -9.5523E-002 -7.7255E-001  7.8504E-001
  1.10000000000140E+000  3.49682000000000E-001  7.22075000000000E-001  9.28844000000000E-001 -3.59753550121905E-005  5.62666506954359E-004  2.14213561239566E-004  5.2396E-002 -3.8801E+000 -5.3941E+000 -1.9723E+000 -4.9688E+000 -5.9726E-002  7.6032E-001 -7.6799E-001
  1.10000000000141E+000  2.22075000000000E-001  1.50318000000000E-001  5.71156000000000E-001 -3.99753703643652E-004 -1.07043643185052E-004 -2.00004160213414E-004  3.0292E-002 -3.8801E+000 -1.3516E+000 -4.2655E+000 -3.4909E+000  4.7390E-001  9.6301E-002  5.3873E-001
  1.10000000000142E+000  7.77925000000000E-001  1.50318000000000E-001  7.11560000000000E-002  4.29758649419993E-006 -1.24060471613161E-004  2.77953310023242E-004  1.2676E-002 -3.8801E+000 -1.8882E+000 -4.5458E+000 -4.9081E+000  4.8372E-001 -2.5962E-001 -4.0249E-001
  1.10000000000143E+000  8.49682000000000E-001  2.77925000000000E-001  8.21156000000000E-001 -5.55391761919155E-004 -3.21228474167931E-004 -3.33699523994976E-004  7.4865E-002 -3.8801E+000 -6.4986E+000 -1.9858E+000 -5.2222E+000 -2.1494E-001 -1.0148E+000  8.6784E-001
  1.10000000000144E+000  6.50318000000000E-001  7.77925000000000E-001  8.21156000000000E-001 -3.12080994843935E-005  4.22911114207818E-004  2.25323185741638E-005  2.6202E-002 -3.8801E+000 -4.3270E+000 -1.9081E+000 -4.9885E+000 -2.1259E-001  5.2143E-001 -5.1557E-001
  1.10000000000145E+000  3.05323000000000E-001  9.65807000000000E-001  4.71645000000000E-001 -1.64783477205687E-004  1.99807569350820E-004  6.20691273704886E-005  1.0268E-002 -4.1205E+000 -5.8672E+000 -3.7774E+000 -6.6062E+000 -1.6682E-001  6.3827E-001  3.0392E-001
  1.10000000000146E+000  6.94677000000000E-001  9.65807000000000E-001  9.71645000000000E-001 -6.23073271689172E-005 -2.80872447106902E-004  3.71518225902207E-005  1.2215E-002 -4.1205E+000 -6.0527E+000 -4.2588E+000 -6.8884E+000  9.6647E-002 -5.8275E-001 -3.0406E-001
  1.10000000000147E+000  9.65807000000000E-001  8.05323000000000E-001  7.21645000000000E-001  8.36024429513047E-005 -5.85150996234432E-004 -2.95143877135487E-004  6.2543E-002 -4.1205E+000 -3.9352E+000 -5.9905E+000 -6.6706E+000  6.9427E-001 -2.1370E-001  4.4442E-001
  1.10000000000148E+000  5.34193000000000E-001  3.05323000000000E-001  7.21645000000000E-001  1.11044781977595E-004  7.21118434195808E-005  2.12734154997299E-004  8.6614E-003 -4.1205E+000 -2.3655E+000 -3.4835E+000 -4.0468E+000  2.6830E-001  1.9461E-001 -1.1463E-001
  1.10000000000149E+000  6.94677000000000E-001  5.34193000000000E-001  2.78355000000000E-001  2.52060160120125E-004  1.96478249456125E-004  3.01602031843747E-004  2.7132E-002 -4.1205E+000 -3.6439E+000 -2.3651E+000 -3.9973E+000 -1.8482E-001  2.6775E-001  1.1754E-001
  1.10000000000150E+000  3.05323000000000E-001  5.34193000000000E-001  7.78355000000000E-001  1.82360670339711E-004  2.01862892523824E-004 -3.64962087740087E-004  2.8749E-002 -4.1205E+000 -3.6085E+000 -2.4172E+000 -4.2898E+000 -2.0955E-001 -2.7827E-001 -5.9437E-002
  1.10000000000151E+000  3.41930000000000E-002  6.94677000000000E-001  2.83550000000000E-002  2.92834520168477E-004  1.58741165561425E-005 -3.29206991765799E-004  2.7139E-002 -4.1205E+000 -3.9945E+000 -4.3294E+000 -6.6357E+000  7.4998E-001  6.9807E-002  5.7920E-001
  1.10000000000152E+000  4.65807000000000E-001  1.94677000000000E-001  2.83550000000000E-002  1.57798285869315E-004  3.77643900855742E-005 -5.57671477148535E-004  4.5839E-002 -4.1205E+000 -2.9106E+000 -4.0022E+000 -6.2677E+000  9.4911E-001  5.2448E-001 -2.7831E-001
  1.10000000000153E+000  8.05323000000000E-001  5.34193000000000E-001  4.71645000000000E-001 -1.88702322171053E-004 -3.56913120389578E-005 -2.16092543536577E-004  1.1668E-002 -4.1205E+000 -5.3561E+000 -2.5984E+000 -4.1240E+000  2.5310E-001  1.6904E-001  1.0166E-001
  1.10000000000154E+000  6.94677000000000E-001  3.41930000000000E-002  4.71645000000000E-001 -2.88747447483949E-004 -1.61590762564703E-004  1.39387869700288E-005  1.5937E-002 -4.1205E+000 -3.8799E+000 -3.6326E+000 -4.3989E+000 -2.9041E-001 -1.0758E-001  4.2355E-001
  1.10000000000155E+000  4.65807000000000E-001  6.94677000000000E-001  7.21645000000000E-001 -7.57920475619293E-005  8.97075460017437E-005 -3.15167923285421E-004  1.5423E-002 -4.1205E+000 -2.3866E+000 -3.6718E+000 -4.0688E+000 -2.4322E-001 -1.9636E-001 -1.2079E-001
  1.10000000000156E+000  5.34193000000000E-001  6.94677000000000E-001  2.21645000000000E-001  1.24290420543866E-004  4.06687824757034E-004  1.63252058906332E-005  2.6317E-002 -4.1205E+000 -2.3798E+000 -3.6555E+000 -4.0990E+000 -2.6595E-001  1.6384E-001  1.1974E-001
  1.10000000000157E+000  1.94677000000000E-001  9.65807000000000E-001  2.78355000000000E-001  2.60486647869308E-004 -2.14715174132326E-004 -2.07586470603521E-004  2.2382E-002 -4.1205E+000 -5.8748E+000 -3.7837E+000 -6.6360E+000  1.6101E-001  6.3941E-001 -3.1564E-001
  1.10000000000158E+000  3.05323000000000E-001  4.65807000000000E-001  2.78355000000000E-001 -1.49075465413845E-004 -1.54850505924625E-004 -3.30197089613084E-004  2.1443E-002 -4.1205E+000 -3.4432E+000 -2.3439E+000 -3.9657E+000  1.8186E-001 -2.8192E-001  1.0999E-001
  1.10000000000159E+000  5.34193000000000E-001  8.05323000000000E-001  2.83550000000000E-002 -2.89730059192335E-004 -5.21771008925260E-004 -9.48775207269386E-006  5.1775E-002 -4.1205E+000 -3.1577E+000 -5.8595E+000 -6.4275E+000 -8.7301E-001 -5.9398E-001 -6.9382E-002
  1.10000000000160E+000  4.65807000000000E-001  8.05323000000000E-001  5.28355000000000E-001  1.07233006745910E-004 -8.04661141700304E-005  2.31924926365141E-004  9.8786E-003 -4.1205E+000 -2.5984E+000 -5.3561E+000 -4.1240E+000 -1.6904E-001  2.5310E-001 -1.0166E-001
  1.10000000000161E+000  6.01585000000000E-001  5.54798000000000E-001  5.91319000000000E-001  3.35228968479948E-004  2.04638986141281E-004 -4.00501398424852E-004  4.4086E-002 -3.8451E+000 -3.7890E+000 -3.6323E+000 -2.6683E+000  2.9673E-001  2.4453E-001  5.8124E-001
  1.10000000000162E+000  3.98415000000000E-001  5.54798000000000E-001  9.13190000000000E-002 -1.91213942621713E-004 -1.46544535659862E-004 -1.67914000442871E-004  1.2243E-002 -3.8451E+000 -4.0965E+000 -3.9294E+000 -4.0650E+000  4.5834E-001 -5.9860E-001 -6.1006E-001
  1.10000000000163E+000  5.54798000000000E-001  1.01585000000000E-001  8.41319000000000E-001  3.24776563859192E-004  3.27361378680758E-005 -7.52947179687923E-005  1.6250E-002 -3.8451E+000 -4.2246E+000 -4.9895E+000 -3.7290E+000  4.9477E-001  5.6917E-001  8.0853E-001
  1.10000000000164E+000  4.45202000000000E-001  1.01585000000000E-001  3.41319000000000E-001  1.51367418756782E-004  6.69993419685070E-004 -6.75184925827934E-005  6.9180E-002 -3.8451E+000 -3.9374E+000 -4.5841E+000 -2.7045E+000  1.7780E-001 -3.1218E-001 -9.3586E-001
  1.10000000000165E+000  3.98415000000000E-001  9.45202000000000E-001  1.58681000000000E-001  1.44365886845244E-004 -2.47553373980894E-004 -7.99685143260055E-005  1.2798E-002 -3.8451E+000 -6.3518E+000 -5.0974E+000 -4.0340E+000  4.9546E-001  1.6246E-001  1.1163E+000
  1.10000000000166E+000  6.01585000000000E-001  9.45202000000000E-001  6.58681000000000E-001  3.86899993050014E-004  3.51098244674331E-004 -3.41030241420056E-004  5.5379E-002 -3.8451E+000 -6.2918E+000 -5.0552E+000 -3.8314E+000  5.9749E-001 -2.3692E-001 -1.1236E+000
  1.10000000000167E+000  4.45202000000000E-001  3.98415000000000E-001  9.08681000000000E-001 -3.67463825409611E-004 -1.72055750107933E-004 -6.85590481819131E-004  8.7423E-002 -3.8451E+000 -4.0187E+000 -4.3357E+000 -4.1088E+000  6.6957E-001  4.9509E-001  5.0565E-001
  1.10000000000168E+000  5.54798000000000E-001  3.98415000000000E-001  4.08681000000000E-001  4.79545032494523E-004  1.70913414504141E-004 -3.48503370484849E-004  5.4072E-002 -3.8451E+000 -3.6316E+000 -3.7631E+000 -2.6555E+000  2.4004E-001 -2.9544E-001 -5.7817E-001
  1.10000000000169E+000  1.01585000000000E-001  9.45202000000000E-001  5.91319000000000E-001  4.15273572883552E-004 -3.44823201088474E-004  5.33242460552722E-004  8.0754E-002 -3.8451E+000 -6.9754E+000 -5.3162E+000 -3.8328E+000 -6.1062E-001  1.8227E-001 -1.5382E+000
  1.10000000000170E+000  3.98415000000000E-001  4.45202000000000E-001  5.91319000000000E-001  1.59700307204462E-004  3.44938691886163E-004 -5.66234509017650E-004  6.4311E-002 -3.8451E+000 -3.7638E+000 -3.6319E+000 -2.6665E+000 -2.9696E-001 -2.4286E-001  5.7778E-001
  1.10000000000171E+000  5.54798000000000E-001  8.98415000000000E-001  3.41319000000000E-001 -1.66052315500409E-004  7.09718374972703E-004 -2.41585492345328E-004  8.5091E-002 -3.8451E+000 -4.2185E+000 -4.9467E+000 -3.7084E+000 -5.3272E-001  6.1155E-001 -8.3227E-001
  1.10000000000172E+000  9.45202000000000E-001  3.98415000000000E-001  3.41319000000000E-001  2.19943192039630E-005 -1.84577696432420E-004  1.83537858414722E-004  9.5721E-003 -3.8451E+000 -5.0507E+000 -6.2900E+000 -3.7992E+000 -2.2945E-001 -5.8546E-001  1.1263E+000
  1.10000000000173E+000  8.98415000000000E-001  5.54798000000000E-001  1.58681000000000E-001 -2.40475845904826E-004  2.45188544399992E-004 -2.93832993564855E-004  2.8804E-002 -3.8451E+000 -5.0199E+000 -4.2486E+000 -3.9319E+000 -5.8791E-001  4.1341E-001 -8.2169E-001
  1.10000000000174E+000  6.01585000000000E-001  5.47980000000000E-002  1.58681000000000E-001 -4.19348124745437E-004  4.35337894634734E-004  4.93416164914949E-004  8.5987E-002 -3.8451E+000 -4.0243E+000 -4.7400E+000 -3.1660E+000 -1.2069E-001 -1.7483E-001  5.8572E-001
  1.10000000000175E+000  4.45202000000000E-001  6.01585000000000E-001  4.08681000000000E-001 -1.98018086119711E-004  1.48156917628082E-004  8.01751576311869E-005  9.7566E-003 -3.8451E+000 -3.6321E+000 -3.7882E+000 -2.6574E+000 -2.4171E-001  2.9521E-001 -5.8163E-001
  1.10000000000176E+000  5.47980000000000E-002  1.01585000000000E-001  4.08681000000000E-001  5.74544044279071E-004  3.53289293653172E-004 -2.03083271929745E-004  7.1681E-002 -3.8451E+000 -4.9600E+000 -4.7004E+000 -2.9527E+000 -1.9739E-001 -2.3569E-001  9.9238E-001
  1.10000000000177E+000  2.77925000000000E-001  1.50318000000000E-001  1.78844000000000E-001  1.01794077369357E-004 -3.56597210142764E-004  3.31501285503898E-004  3.4831E-002 -3.8801E+000 -1.3886E+000 -4.3087E+000 -3.7941E+000 -4.9674E-001  6.1693E-003 -5.4320E-001
  1.10000000000178E+000  2.22075000000000E-001  6.50318000000000E-001  1.78844000000000E-001 -4.03738329177016E-005  6.65613031450929E-004 -7.71569646012667E-005  6.5425E-002 -3.8801E+000 -1.4015E+000 -4.1386E+000 -3.7099E+000 -6.1098E-001 -3.5673E-002  5.8467E-001
  1.10000000000179E+000  1.50318000000000E-001  7.77925000000000E-001  4.28844000000000E-001 -1.50902404501613E-004  4.37631869233412E-004  7.18142237069235E-004  1.0081E-001 -3.8801E+000 -4.4369E+000 -1.7858E+000 -3.7070E+000  3.4129E-002 -5.4076E-001 -4.2933E-001
  1.10000000000180E+000  8.49682000000000E-001  7.77925000000000E-001  9.28844000000000E-001  5.11420165619537E-004 -7.15053463107228E-004  5.56355334797358E-005  1.1273E-001 -3.8801E+000 -7.4797E+000 -2.1965E+000 -5.3060E+000  6.5185E-002  1.5139E+000  1.0959E+000
  1.10000000000181E+000  7.22075000000000E-001  3.49682000000000E-001  5.71156000000000E-001  1.63479626091680E-004  2.51259867821165E-004 -5.50511101667290E-004  5.4000E-002 -3.8801E+000 -1.5402E+000 -4.0400E+000 -3.4489E+000 -5.9055E-001  1.6100E-001 -6.0989E-001
  1.10000000000182E+000  7.77925000000000E-001  8.49682000000000E-001  5.71156000000000E-001  2.15150503385407E-004  1.92990166454114E-004 -3.21120803572022E-004  2.6070E-002 -3.8801E+000 -2.0357E+000 -6.4697E+000 -3.9720E+000 -1.2094E+000  6.7810E-002  8.9494E-001
  1.10000000000183E+000  8.49682000000000E-001  7.22075000000000E-001  3.21156000000000E-001  1.88211812453043E-004  5.46923627603782E-004  1.86692368184138E-004  5.3326E-002 -3.8801E+000 -6.4346E+000 -1.9169E+000 -3.8863E+000  5.2192E-002 -1.1823E+000 -7.6923E-001
  1.10000000000184E+000  1.50318000000000E-001  7.22075000000000E-001  8.21156000000000E-001  4.66949855920838E-004  2.09002942243459E-004  5.26323814203156E-004  7.5458E-002 -3.8801E+000 -4.4554E+000 -1.8180E+000 -4.9870E+000  4.3962E-001  3.8443E-001  5.8545E-001
  1.10000000000185E+000  2.77925000000000E-001  8.49682000000000E-001  6.78844000000000E-001  1.12774366356891E-004 -3.13472443771778E-004  2.13445010925804E-004  2.2283E-002 -3.8801E+000 -1.8492E+000 -6.4300E+000 -3.8715E+000  1.1829E+000  2.7318E-002  7.9189E-001
  1.10000000000186E+000  7.22075000000000E-001  8.49682000000000E-001  1.78844000000000E-001  5.46003137363121E-004  2.89183903358943E-004  2.20324779565591E-004  6.2035E-002 -3.8801E+000 -1.9758E+000 -6.4785E+000 -4.1754E+000  1.2033E+000  1.9808E-002 -7.9831E-001
  1.10000000000187E+000  6.50318000000000E-001  7.22075000000000E-001  4.28844000000000E-001 -2.66211402883682E-004 -5.12258227566324E-005  4.69702287026043E-004  4.0484E-002 -3.8801E+000 -4.1381E+000 -1.5460E+000 -3.4441E+000 -1.6142E-001 -5.7931E-001  6.1223E-001
  1.10000000000188E+000  8.49682000000000E-001  2.22075000000000E-001  4.28844000000000E-001  4.22255201569823E-005  3.79818118715542E-005 -9.88501826638227E-005  1.7888E-003 -3.8801E+000 -6.4248E+000 -1.8768E+000 -3.8366E+000 -3.1058E-002  1.1659E+000 -8.1758E-001
  1.10000000000189E+000  7.22075000000000E-001  6.50318000000000E-001  7.11560000000000E-002 -2.78302594148579E-004  6.04183146622681E-004  2.81001089769289E-004  7.4971E-002 -3.8801E+000 -1.7558E+000 -4.4691E+000 -4.8114E+000  4.2846E-001  1.9712E-001  6.2409E-001
  1.10000000000190E+000  2.77925000000000E-001  6.50318000000000E-001  5.71156000000000E-001 -2.94743993575542E-004 -2.05804750107180E-004  3.24749075989700E-004  3.3027E-002 -3.8801E+000 -1.2970E+000 -4.0763E+000 -3.3937E+000  5.8200E-001 -1.0088E-001 -5.3870E-001
  1.10000000000191E+000  3.49682000000000E-001  7.77925000000000E-001  3.21156000000000E-001 -2.05510000996022E-004  4.43929184051328E-005  1.66960801515878E-004  1.0190E-002 -3.8801E+000 -4.1528E+000 -1.7607E+000 -3.6196E+000 -5.4861E-002 -6.5884E-001  4.4794E-001
  1.10000000000192E+000  1.50318000000000E-001  2.77925000000000E-001  3.21156000000000E-001  2.70102626535872E-004  2.42044027078716E-004 -4.28077016940575E-004  4.3872E-002 -3.8801E+000 -4.2637E+000 -1.3211E+000 -3.4955E+000 -8.7182E-002  4.7893E-001 -5.1719E-001
