!
!  specorder:  Si 
!
   1.000  
   5.46906415000000e+00   0.00000000000000e+00   0.00000000000000e+00
   0.00000000000000e+00   5.46906415000000e+00   0.00000000000000e+00
   0.00000000000000e+00   0.00000000000000e+00   5.46906415000000e+00
 0.00000000 0.00000000 0.00000000
 0.00000000 0.00000000 0.00000000
 0.00000000 0.00000000 0.00000000
          8
  1.10000000000001   0.14899310   0.00163757   0.08970604 0.0 0.0 0.0  0.0 0.0  0.0 0.0 0.0 0.0 0.0 0.0
  1.10000000000002   0.40450411   0.25698372   0.34119395 0.0 0.0 0.0  0.0 0.0  0.0 0.0 0.0 0.0 0.0 0.0
  1.10000000000003   0.64247735   0.51585525   0.09245153 0.0 0.0 0.0  0.0 0.0  0.0 0.0 0.0 0.0 0.0 0.0
  1.10000000000004   0.90020105   0.75301364   0.34023501 0.0 0.0 0.0  0.0 0.0  0.0 0.0 0.0 0.0 0.0 0.0
  1.10000000000005   0.65976973   0.00697668   0.59885386 0.0 0.0 0.0  0.0 0.0  0.0 0.0 0.0 0.0 0.0 0.0
  1.10000000000006   0.88639293   0.25803770   0.85083370 0.0 0.0 0.0  0.0 0.0  0.0 0.0 0.0 0.0 0.0 0.0
  1.10000000000007   0.15742681   0.49697514   0.58497313 0.0 0.0 0.0  0.0 0.0  0.0 0.0 0.0 0.0 0.0 0.0
  1.10000000000008   0.38290903   0.74750023   0.82957544 0.0 0.0 0.0  0.0 0.0  0.0 0.0 0.0 0.0 0.0 0.0
