  2.85530000000000E+000
  3.00000000000000E+000  0.00000000000000E+000  0.00000000000000E+000
  0.00000000000000E+000  3.00000000000000E+000  0.00000000000000E+000
  0.00000000000000E+000  0.00000000000000E+000  3.00000000000000E+000
  0.00000000000000E+000  0.00000000000000E+000  0.00000000000000E+000
  0.00000000000000E+000  0.00000000000000E+000  0.00000000000000E+000
  0.00000000000000E+000  0.00000000000000E+000  0.00000000000000E+000
        55
  1.10000000000001E+000  1.00000000000000E-007  1.00000000000000E-007  1.00000000000000E-007  0.00000000000000E+000  0.00000000000000E+000  0.00000000000000E+000  0.0000E+00  0.0000E+00  0.0000E+00  0.0000E+00  0.0000E+00  0.0000E+00  0.0000E+00  0.0000E+00  0.0000E+00  0.0000E+00  0.0000E+00
  1.10000000000002E+000  1.66666766666667E-001  1.66666766666667E-001  1.66666766666667E-001  0.00000000000000E+000  0.00000000000000E+000  0.00000000000000E+000  0.0000E+00  0.0000E+00  0.0000E+00  0.0000E+00  0.0000E+00  0.0000E+00  0.0000E+00  0.0000E+00  0.0000E+00  0.0000E+00  0.0000E+00
  1.10000000000003E+000  1.00000000000000E-007  1.00000000000000E-007  3.33333433333333E-001  0.00000000000000E+000  0.00000000000000E+000  0.00000000000000E+000  0.0000E+00  0.0000E+00  0.0000E+00  0.0000E+00  0.0000E+00  0.0000E+00  0.0000E+00  0.0000E+00  0.0000E+00  0.0000E+00  0.0000E+00
  1.10000000000004E+000  1.66666766666667E-001  1.66666766666667E-001  5.00000100000000E-001  0.00000000000000E+000  0.00000000000000E+000  0.00000000000000E+000  0.0000E+00  0.0000E+00  0.0000E+00  0.0000E+00  0.0000E+00  0.0000E+00  0.0000E+00  0.0000E+00  0.0000E+00  0.0000E+00  0.0000E+00
  1.10000000000005E+000  1.00000000000000E-007  1.00000000000000E-007  6.66666766666667E-001  0.00000000000000E+000  0.00000000000000E+000  0.00000000000000E+000  0.0000E+00  0.0000E+00  0.0000E+00  0.0000E+00  0.0000E+00  0.0000E+00  0.0000E+00  0.0000E+00  0.0000E+00  0.0000E+00  0.0000E+00
  1.10000000000006E+000  1.66666766666667E-001  1.66666766666667E-001  8.33333433333333E-001  0.00000000000000E+000  0.00000000000000E+000  0.00000000000000E+000  0.0000E+00  0.0000E+00  0.0000E+00  0.0000E+00  0.0000E+00  0.0000E+00  0.0000E+00  0.0000E+00  0.0000E+00  0.0000E+00  0.0000E+00
  1.10000000000007E+000  1.00000000000000E-007  3.33333433333333E-001  1.00000000000000E-007  0.00000000000000E+000  0.00000000000000E+000  0.00000000000000E+000  0.0000E+00  0.0000E+00  0.0000E+00  0.0000E+00  0.0000E+00  0.0000E+00  0.0000E+00  0.0000E+00  0.0000E+00  0.0000E+00  0.0000E+00
  1.10000000000008E+000  1.66666766666667E-001  5.00000100000000E-001  1.66666766666667E-001  0.00000000000000E+000  0.00000000000000E+000  0.00000000000000E+000  0.0000E+00  0.0000E+00  0.0000E+00  0.0000E+00  0.0000E+00  0.0000E+00  0.0000E+00  0.0000E+00  0.0000E+00  0.0000E+00  0.0000E+00
  1.10000000000009E+000  1.00000000000000E-007  3.33333433333333E-001  3.33333433333333E-001  0.00000000000000E+000  0.00000000000000E+000  0.00000000000000E+000  0.0000E+00  0.0000E+00  0.0000E+00  0.0000E+00  0.0000E+00  0.0000E+00  0.0000E+00  0.0000E+00  0.0000E+00  0.0000E+00  0.0000E+00
  1.10000000000010E+000  1.66666766666667E-001  5.00000100000000E-001  5.00000100000000E-001  0.00000000000000E+000  0.00000000000000E+000  0.00000000000000E+000  0.0000E+00  0.0000E+00  0.0000E+00  0.0000E+00  0.0000E+00  0.0000E+00  0.0000E+00  0.0000E+00  0.0000E+00  0.0000E+00  0.0000E+00
  1.10000000000011E+000  1.00000000000000E-007  3.33333433333333E-001  6.66666766666667E-001  0.00000000000000E+000  0.00000000000000E+000  0.00000000000000E+000  0.0000E+00  0.0000E+00  0.0000E+00  0.0000E+00  0.0000E+00  0.0000E+00  0.0000E+00  0.0000E+00  0.0000E+00  0.0000E+00  0.0000E+00
  1.10000000000012E+000  1.66666766666667E-001  5.00000100000000E-001  8.33333433333333E-001  0.00000000000000E+000  0.00000000000000E+000  0.00000000000000E+000  0.0000E+00  0.0000E+00  0.0000E+00  0.0000E+00  0.0000E+00  0.0000E+00  0.0000E+00  0.0000E+00  0.0000E+00  0.0000E+00  0.0000E+00
  1.10000000000013E+000  1.00000000000000E-007  6.66666766666667E-001  1.00000000000000E-007  0.00000000000000E+000  0.00000000000000E+000  0.00000000000000E+000  0.0000E+00  0.0000E+00  0.0000E+00  0.0000E+00  0.0000E+00  0.0000E+00  0.0000E+00  0.0000E+00  0.0000E+00  0.0000E+00  0.0000E+00
  1.10000000000014E+000  1.66666766666667E-001  8.33333433333333E-001  1.66666766666667E-001  0.00000000000000E+000  0.00000000000000E+000  0.00000000000000E+000  0.0000E+00  0.0000E+00  0.0000E+00  0.0000E+00  0.0000E+00  0.0000E+00  0.0000E+00  0.0000E+00  0.0000E+00  0.0000E+00  0.0000E+00
  1.10000000000015E+000  1.00000000000000E-007  6.66666766666667E-001  3.33333433333333E-001  0.00000000000000E+000  0.00000000000000E+000  0.00000000000000E+000  0.0000E+00  0.0000E+00  0.0000E+00  0.0000E+00  0.0000E+00  0.0000E+00  0.0000E+00  0.0000E+00  0.0000E+00  0.0000E+00  0.0000E+00
  1.10000000000016E+000  1.66666766666667E-001  8.33333433333333E-001  5.00000100000000E-001  0.00000000000000E+000  0.00000000000000E+000  0.00000000000000E+000  0.0000E+00  0.0000E+00  0.0000E+00  0.0000E+00  0.0000E+00  0.0000E+00  0.0000E+00  0.0000E+00  0.0000E+00  0.0000E+00  0.0000E+00
  1.10000000000017E+000  1.00000000000000E-007  6.66666766666667E-001  6.66666766666667E-001  0.00000000000000E+000  0.00000000000000E+000  0.00000000000000E+000  0.0000E+00  0.0000E+00  0.0000E+00  0.0000E+00  0.0000E+00  0.0000E+00  0.0000E+00  0.0000E+00  0.0000E+00  0.0000E+00  0.0000E+00
  1.10000000000018E+000  1.66666766666667E-001  8.33333433333333E-001  8.33333433333333E-001  0.00000000000000E+000  0.00000000000000E+000  0.00000000000000E+000  0.0000E+00  0.0000E+00  0.0000E+00  0.0000E+00  0.0000E+00  0.0000E+00  0.0000E+00  0.0000E+00  0.0000E+00  0.0000E+00  0.0000E+00
  1.10000000000019E+000  3.33333433333333E-001  1.00000000000000E-007  1.00000000000000E-007  0.00000000000000E+000  0.00000000000000E+000  0.00000000000000E+000  0.0000E+00  0.0000E+00  0.0000E+00  0.0000E+00  0.0000E+00  0.0000E+00  0.0000E+00  0.0000E+00  0.0000E+00  0.0000E+00  0.0000E+00
  1.10000000000020E+000  5.00000100000000E-001  1.66666766666667E-001  1.66666766666667E-001  0.00000000000000E+000  0.00000000000000E+000  0.00000000000000E+000  0.0000E+00  0.0000E+00  0.0000E+00  0.0000E+00  0.0000E+00  0.0000E+00  0.0000E+00  0.0000E+00  0.0000E+00  0.0000E+00  0.0000E+00
  1.10000000000021E+000  3.33333433333333E-001  1.00000000000000E-007  3.33333433333333E-001  0.00000000000000E+000  0.00000000000000E+000  0.00000000000000E+000  0.0000E+00  0.0000E+00  0.0000E+00  0.0000E+00  0.0000E+00  0.0000E+00  0.0000E+00  0.0000E+00  0.0000E+00  0.0000E+00  0.0000E+00
  1.10000000000022E+000  5.00000100000000E-001  1.66666766666667E-001  5.00000100000000E-001  0.00000000000000E+000  0.00000000000000E+000  0.00000000000000E+000  0.0000E+00  0.0000E+00  0.0000E+00  0.0000E+00  0.0000E+00  0.0000E+00  0.0000E+00  0.0000E+00  0.0000E+00  0.0000E+00  0.0000E+00
  1.10000000000023E+000  3.33333433333333E-001  1.00000000000000E-007  6.66666766666667E-001  0.00000000000000E+000  0.00000000000000E+000  0.00000000000000E+000  0.0000E+00  0.0000E+00  0.0000E+00  0.0000E+00  0.0000E+00  0.0000E+00  0.0000E+00  0.0000E+00  0.0000E+00  0.0000E+00  0.0000E+00
  1.10000000000024E+000  5.00000100000000E-001  1.66666766666667E-001  8.33333433333333E-001  0.00000000000000E+000  0.00000000000000E+000  0.00000000000000E+000  0.0000E+00  0.0000E+00  0.0000E+00  0.0000E+00  0.0000E+00  0.0000E+00  0.0000E+00  0.0000E+00  0.0000E+00  0.0000E+00  0.0000E+00
  1.10000000000025E+000  3.33333433333333E-001  3.33333433333333E-001  1.00000000000000E-007  0.00000000000000E+000  0.00000000000000E+000  0.00000000000000E+000  0.0000E+00  0.0000E+00  0.0000E+00  0.0000E+00  0.0000E+00  0.0000E+00  0.0000E+00  0.0000E+00  0.0000E+00  0.0000E+00  0.0000E+00
  1.10000000000026E+000  5.00000100000000E-001  5.00000100000000E-001  1.66666766666667E-001  0.00000000000000E+000  0.00000000000000E+000  0.00000000000000E+000  0.0000E+00  0.0000E+00  0.0000E+00  0.0000E+00  0.0000E+00  0.0000E+00  0.0000E+00  0.0000E+00  0.0000E+00  0.0000E+00  0.0000E+00
  1.10000000000027E+000  3.33333433333333E-001  3.33333433333333E-001  3.33333433333333E-001  0.00000000000000E+000  0.00000000000000E+000  0.00000000000000E+000  0.0000E+00  0.0000E+00  0.0000E+00  0.0000E+00  0.0000E+00  0.0000E+00  0.0000E+00  0.0000E+00  0.0000E+00  0.0000E+00  0.0000E+00
  1.10000000000028E+000  5.00000100000000E-001  5.00000100000000E-001  5.00000100000000E-001  0.00000000000000E+000  0.00000000000000E+000  0.00000000000000E+000  0.0000E+00  0.0000E+00  0.0000E+00  0.0000E+00  0.0000E+00  0.0000E+00  0.0000E+00  0.0000E+00  0.0000E+00  0.0000E+00  0.0000E+00
  1.10000000000029E+000  3.33333433333333E-001  3.33333433333333E-001  6.66666766666667E-001  0.00000000000000E+000  0.00000000000000E+000  0.00000000000000E+000  0.0000E+00  0.0000E+00  0.0000E+00  0.0000E+00  0.0000E+00  0.0000E+00  0.0000E+00  0.0000E+00  0.0000E+00  0.0000E+00  0.0000E+00
  1.10000000000030E+000  5.00000100000000E-001  5.00000100000000E-001  8.33333433333333E-001  0.00000000000000E+000  0.00000000000000E+000  0.00000000000000E+000  0.0000E+00  0.0000E+00  0.0000E+00  0.0000E+00  0.0000E+00  0.0000E+00  0.0000E+00  0.0000E+00  0.0000E+00  0.0000E+00  0.0000E+00
  1.10000000000031E+000  3.33333433333333E-001  6.66666766666667E-001  1.00000000000000E-007  0.00000000000000E+000  0.00000000000000E+000  0.00000000000000E+000  0.0000E+00  0.0000E+00  0.0000E+00  0.0000E+00  0.0000E+00  0.0000E+00  0.0000E+00  0.0000E+00  0.0000E+00  0.0000E+00  0.0000E+00
  1.10000000000032E+000  5.00000100000000E-001  8.33333433333333E-001  1.66666766666667E-001  0.00000000000000E+000  0.00000000000000E+000  0.00000000000000E+000  0.0000E+00  0.0000E+00  0.0000E+00  0.0000E+00  0.0000E+00  0.0000E+00  0.0000E+00  0.0000E+00  0.0000E+00  0.0000E+00  0.0000E+00
  1.10000000000033E+000  3.33333433333333E-001  6.66666766666667E-001  3.33333433333333E-001  0.00000000000000E+000  0.00000000000000E+000  0.00000000000000E+000  0.0000E+00  0.0000E+00  0.0000E+00  0.0000E+00  0.0000E+00  0.0000E+00  0.0000E+00  0.0000E+00  0.0000E+00  0.0000E+00  0.0000E+00
  1.10000000000034E+000  5.00000100000000E-001  8.33333433333333E-001  5.00000100000000E-001  0.00000000000000E+000  0.00000000000000E+000  0.00000000000000E+000  0.0000E+00  0.0000E+00  0.0000E+00  0.0000E+00  0.0000E+00  0.0000E+00  0.0000E+00  0.0000E+00  0.0000E+00  0.0000E+00  0.0000E+00
  1.10000000000035E+000  3.33333433333333E-001  6.66666766666667E-001  6.66666766666667E-001  0.00000000000000E+000  0.00000000000000E+000  0.00000000000000E+000  0.0000E+00  0.0000E+00  0.0000E+00  0.0000E+00  0.0000E+00  0.0000E+00  0.0000E+00  0.0000E+00  0.0000E+00  0.0000E+00  0.0000E+00
  1.10000000000036E+000  5.00000100000000E-001  8.33333433333333E-001  8.33333433333333E-001  0.00000000000000E+000  0.00000000000000E+000  0.00000000000000E+000  0.0000E+00  0.0000E+00  0.0000E+00  0.0000E+00  0.0000E+00  0.0000E+00  0.0000E+00  0.0000E+00  0.0000E+00  0.0000E+00  0.0000E+00
  1.10000000000037E+000  6.66666766666667E-001  1.00000000000000E-007  1.00000000000000E-007  0.00000000000000E+000  0.00000000000000E+000  0.00000000000000E+000  0.0000E+00  0.0000E+00  0.0000E+00  0.0000E+00  0.0000E+00  0.0000E+00  0.0000E+00  0.0000E+00  0.0000E+00  0.0000E+00  0.0000E+00
  1.10000000000038E+000  8.33333433333333E-001  1.66666766666667E-001  1.66666766666667E-001  0.00000000000000E+000  0.00000000000000E+000  0.00000000000000E+000  0.0000E+00  0.0000E+00  0.0000E+00  0.0000E+00  0.0000E+00  0.0000E+00  0.0000E+00  0.0000E+00  0.0000E+00  0.0000E+00  0.0000E+00
  1.10000000000039E+000  6.66666766666667E-001  1.00000000000000E-007  3.33333433333333E-001  0.00000000000000E+000  0.00000000000000E+000  0.00000000000000E+000  0.0000E+00  0.0000E+00  0.0000E+00  0.0000E+00  0.0000E+00  0.0000E+00  0.0000E+00  0.0000E+00  0.0000E+00  0.0000E+00  0.0000E+00
  1.10000000000040E+000  8.33333433333333E-001  1.66666766666667E-001  5.00000100000000E-001  0.00000000000000E+000  0.00000000000000E+000  0.00000000000000E+000  0.0000E+00  0.0000E+00  0.0000E+00  0.0000E+00  0.0000E+00  0.0000E+00  0.0000E+00  0.0000E+00  0.0000E+00  0.0000E+00  0.0000E+00
  1.10000000000041E+000  6.66666766666667E-001  1.00000000000000E-007  6.66666766666667E-001  0.00000000000000E+000  0.00000000000000E+000  0.00000000000000E+000  0.0000E+00  0.0000E+00  0.0000E+00  0.0000E+00  0.0000E+00  0.0000E+00  0.0000E+00  0.0000E+00  0.0000E+00  0.0000E+00  0.0000E+00
  1.10000000000042E+000  8.33333433333333E-001  1.66666766666667E-001  8.33333433333333E-001  0.00000000000000E+000  0.00000000000000E+000  0.00000000000000E+000  0.0000E+00  0.0000E+00  0.0000E+00  0.0000E+00  0.0000E+00  0.0000E+00  0.0000E+00  0.0000E+00  0.0000E+00  0.0000E+00  0.0000E+00
  1.10000000000043E+000  6.66666766666667E-001  3.33333433333333E-001  1.00000000000000E-007  0.00000000000000E+000  0.00000000000000E+000  0.00000000000000E+000  0.0000E+00  0.0000E+00  0.0000E+00  0.0000E+00  0.0000E+00  0.0000E+00  0.0000E+00  0.0000E+00  0.0000E+00  0.0000E+00  0.0000E+00
  1.10000000000044E+000  8.33333433333333E-001  5.00000100000000E-001  1.66666766666667E-001  0.00000000000000E+000  0.00000000000000E+000  0.00000000000000E+000  0.0000E+00  0.0000E+00  0.0000E+00  0.0000E+00  0.0000E+00  0.0000E+00  0.0000E+00  0.0000E+00  0.0000E+00  0.0000E+00  0.0000E+00
  1.10000000000045E+000  6.66666766666667E-001  3.33333433333333E-001  3.33333433333333E-001  0.00000000000000E+000  0.00000000000000E+000  0.00000000000000E+000  0.0000E+00  0.0000E+00  0.0000E+00  0.0000E+00  0.0000E+00  0.0000E+00  0.0000E+00  0.0000E+00  0.0000E+00  0.0000E+00  0.0000E+00
  1.10000000000046E+000  8.33333433333333E-001  5.00000100000000E-001  5.00000100000000E-001  0.00000000000000E+000  0.00000000000000E+000  0.00000000000000E+000  0.0000E+00  0.0000E+00  0.0000E+00  0.0000E+00  0.0000E+00  0.0000E+00  0.0000E+00  0.0000E+00  0.0000E+00  0.0000E+00  0.0000E+00
  1.10000000000047E+000  6.66666766666667E-001  3.33333433333333E-001  6.66666766666667E-001  0.00000000000000E+000  0.00000000000000E+000  0.00000000000000E+000  0.0000E+00  0.0000E+00  0.0000E+00  0.0000E+00  0.0000E+00  0.0000E+00  0.0000E+00  0.0000E+00  0.0000E+00  0.0000E+00  0.0000E+00
  1.10000000000048E+000  8.33333433333333E-001  5.00000100000000E-001  8.33333433333333E-001  0.00000000000000E+000  0.00000000000000E+000  0.00000000000000E+000  0.0000E+00  0.0000E+00  0.0000E+00  0.0000E+00  0.0000E+00  0.0000E+00  0.0000E+00  0.0000E+00  0.0000E+00  0.0000E+00  0.0000E+00
  1.10000000000049E+000  6.66666766666667E-001  6.66666766666667E-001  1.00000000000000E-007  0.00000000000000E+000  0.00000000000000E+000  0.00000000000000E+000  0.0000E+00  0.0000E+00  0.0000E+00  0.0000E+00  0.0000E+00  0.0000E+00  0.0000E+00  0.0000E+00  0.0000E+00  0.0000E+00  0.0000E+00
  1.10000000000050E+000  8.33333433333333E-001  8.33333433333333E-001  1.66666766666667E-001  0.00000000000000E+000  0.00000000000000E+000  0.00000000000000E+000  0.0000E+00  0.0000E+00  0.0000E+00  0.0000E+00  0.0000E+00  0.0000E+00  0.0000E+00  0.0000E+00  0.0000E+00  0.0000E+00  0.0000E+00
  1.10000000000051E+000  6.66666766666667E-001  6.66666766666667E-001  3.33333433333333E-001  0.00000000000000E+000  0.00000000000000E+000  0.00000000000000E+000  0.0000E+00  0.0000E+00  0.0000E+00  0.0000E+00  0.0000E+00  0.0000E+00  0.0000E+00  0.0000E+00  0.0000E+00  0.0000E+00  0.0000E+00
  1.10000000000052E+000  8.33333433333333E-001  8.33333433333333E-001  5.00000100000000E-001  0.00000000000000E+000  0.00000000000000E+000  0.00000000000000E+000  0.0000E+00  0.0000E+00  0.0000E+00  0.0000E+00  0.0000E+00  0.0000E+00  0.0000E+00  0.0000E+00  0.0000E+00  0.0000E+00  0.0000E+00
  1.10000000000053E+000  6.66666766666667E-001  6.66666766666667E-001  6.66666766666667E-001  0.00000000000000E+000  0.00000000000000E+000  0.00000000000000E+000  0.0000E+00  0.0000E+00  0.0000E+00  0.0000E+00  0.0000E+00  0.0000E+00  0.0000E+00  0.0000E+00  0.0000E+00  0.0000E+00  0.0000E+00
  1.10000000000054E+000  8.33333433333333E-001  8.33333433333333E-001  8.33333433333333E-001  0.00000000000000E+000  0.00000000000000E+000  0.00000000000000E+000  0.0000E+00  0.0000E+00  0.0000E+00  0.0000E+00  0.0000E+00  0.0000E+00  0.0000E+00  0.0000E+00  0.0000E+00  0.0000E+00  0.0000E+00
  2.10000000000055E+000  5.00000100000000E-001  4.16666766666667E-001  3.33333433333333E-001  0.00000000000000E+000  0.00000000000000E+000  0.00000000000000E+000  0.0000E+00  0.0000E+00  0.0000E+00  0.0000E+00  0.0000E+00  0.0000E+00  0.0000E+00  0.0000E+00  0.0000E+00  0.0000E+00  0.0000E+00
