!
!  specorder:  Si 
!
   1.000  
   4.45218409000000e+00   0.00000000000000e+00   0.00000000000000e+00
   0.00000000000000e+00   4.45218409000000e+00   0.00000000000000e+00
   0.00000000000000e+00   0.00000000000000e+00   4.45218409000000e+00
 0.00000000 0.00000000 0.00000000
 0.00000000 0.00000000 0.00000000
 0.00000000 0.00000000 0.00000000
          2
  1.10000000000001   0.00000000   0.00000000   0.00000000 0.0 0.0 0.0  0.0 0.0  0.0 0.0 0.0 0.0 0.0 0.0
  1.10000000000002   0.50000000   0.50000000   0.50000000 0.0 0.0 0.0  0.0 0.0  0.0 0.0 0.0 0.0 0.0 0.0
