!
!  specorder:  Si  O  
!
   1.000  
   4.99921442000000e+00   4.97951000000000e-03   0.00000000000000e+00  0.0  0.0  0.0
  -2.49462720000000e+00   4.32944636000000e+00   0.00000000000000e+00  0.0  0.0  0.0
   0.00000000000000e+00   0.00000000000000e+00   5.48611395000000e+00  0.0  0.0  0.0
          9
  1.10000000000001   0.47596540   0.99997830   0.66640960 0.0 0.0 0.0  0.0 0.0  0.0 0.0 0.0 0.0 0.0 0.0
  1.10000000000002   0.52397720   0.52396130   0.00006140 0.0 0.0 0.0  0.0 0.0  0.0 0.0 0.0 0.0 0.0 0.0
  1.10000000000003   0.99999420   0.47594220   0.33352530 0.0 0.0 0.0  0.0 0.0  0.0 0.0 0.0 0.0 0.0 0.0
  2.10000000000004   0.41477910   0.25664060   0.79416720 0.0 0.0 0.0  0.0 0.0  0.0 0.0 0.0 0.0 0.0 0.0
  2.10000000000005   0.74346850   0.15837520   0.46082860 0.0 0.0 0.0  0.0 0.0  0.0 0.0 0.0 0.0 0.0 0.0
  2.10000000000006   0.58510420   0.84176240   0.87248300 0.0 0.0 0.0  0.0 0.0  0.0 0.0 0.0 0.0 0.0 0.0
  2.10000000000007   0.25661170   0.41479200   0.20584260 0.0 0.0 0.0  0.0 0.0  0.0 0.0 0.0 0.0 0.0 0.0
  2.10000000000008   0.15840540   0.74347660   0.53915330 0.0 0.0 0.0  0.0 0.0  0.0 0.0 0.0 0.0 0.0 0.0
  2.10000000000009   0.84169450   0.58507140   0.12752910 0.0 0.0 0.0  0.0 0.0  0.0 0.0 0.0 0.0 0.0 0.0
