!
!  specorder:  Li  Zr  P   O  
!
     1.000000000
  12.690538000000000   0.000000000000000   0.000000000000000
  -0.205465000000000  18.018456000000000   0.000000000000000
  -0.000002000000000  -0.000001000000000  17.874340000000000
   0.000000000000000   0.000000000000000   0.000000000000000
   0.000000000000000   0.000000000000000   0.000000000000000
   0.000000000000000   0.000000000000000   0.000000000000000
        288
   1.10000000000001e+00    0.000000000000000   0.000000000000000   0.000000000000000    0.0000    0.0000    0.0000
   1.10000000000002e+00    0.500000000000000   0.250000000000000   0.750000000000000    0.0000    0.0000    0.0000
   1.10000000000003e+00    0.000000000000000   0.500000000000000   0.500000000000000    0.0000    0.0000    0.0000
   1.10000000000004e+00    0.000000000000000   0.000000000000000   0.500000000000000    0.0000    0.0000    0.0000
   1.10000000000005e+00    0.500000000000000   0.250000000000000   0.250000000000000    0.0000    0.0000    0.0000
   1.10000000000006e+00    0.000000000000000   0.500000000000000   0.000000000000000    0.0000    0.0000    0.0000
   1.10000000000007e+00    0.500000000000000   0.750000000000000   0.750000000000000    0.0000    0.0000    0.0000
   1.10000000000008e+00    0.500000000000000   0.750000000000000   0.250000000000000    0.0000    0.0000    0.0000
   1.10000000000009e+00    0.500000000000000   0.000000000000000   0.000000000000000    0.0000    0.0000    0.0000
   1.10000000000010e+00    0.000000000000000   0.250000000000000   0.750000000000000    0.0000    0.0000    0.0000
   1.10000000000011e+00    0.500000000000000   0.500000000000000   0.500000000000000    0.0000    0.0000    0.0000
   1.10000000000012e+00    0.500000000000000   0.000000000000000   0.500000000000000    0.0000    0.0000    0.0000
   1.10000000000013e+00    0.000000000000000   0.250000000000000   0.250000000000000    0.0000    0.0000    0.0000
   1.10000000000014e+00    0.500000000000000   0.500000000000000   0.000000000000000    0.0000    0.0000    0.0000
   1.10000000000015e+00    0.000000000000000   0.750000000000000   0.750000000000000    0.0000    0.0000    0.0000
   1.10000000000016e+00    0.000000000000000   0.750000000000000   0.250000000000000    0.0000    0.0000    0.0000
   2.10000000000017e+00    0.642499336200000   0.107500663800000   0.250000005000000    0.0000    0.0000    0.0000
   2.10000000000018e+00    0.142499336200000   0.357500663800000   0.000000005000000    0.0000    0.0000    0.0000
   2.10000000000019e+00    0.642499336200000   0.607500663800000   0.750000005000000    0.0000    0.0000    0.0000
   2.10000000000020e+00    0.642499336200000   0.107500663800000   0.750000005000000    0.0000    0.0000    0.0000
   2.10000000000021e+00    0.142499336200000   0.357500663800000   0.500000005000000    0.0000    0.0000    0.0000
   2.10000000000022e+00    0.642499336200000   0.607500663800000   0.250000005000000    0.0000    0.0000    0.0000
   2.10000000000023e+00    0.142499336200000   0.857500663800000   0.000000005000000    0.0000    0.0000    0.0000
   2.10000000000024e+00    0.142499336200000   0.857500663800000   0.500000005000000    0.0000    0.0000    0.0000
   2.10000000000025e+00    0.357500648700000   0.892499351200000   0.750000005000000    0.0000    0.0000    0.0000
   2.10000000000026e+00    0.857500648800000   0.142499351200000   0.500000005000000    0.0000    0.0000    0.0000
   2.10000000000027e+00    0.357500648800000   0.392499351200000   0.250000005000000    0.0000    0.0000    0.0000
   2.10000000000028e+00    0.357500648700000   0.892499351200000   0.250000005000000    0.0000    0.0000    0.0000
   2.10000000000029e+00    0.857500648800000   0.142499351200000   0.000000005000000    0.0000    0.0000    0.0000
   2.10000000000030e+00    0.357500648800000   0.392499351200000   0.750000005000000    0.0000    0.0000    0.0000
   2.10000000000031e+00    0.857500648800000   0.642499351200000   0.500000005000000    0.0000    0.0000    0.0000
   2.10000000000032e+00    0.857500648800000   0.642499351200000   0.000000005000000    0.0000    0.0000    0.0000
   2.10000000000033e+00    0.357500657100000   0.142499342900000   0.000000005000000    0.0000    0.0000    0.0000
   2.10000000000034e+00    0.857500657100000   0.392499342900000   0.750000005000000    0.0000    0.0000    0.0000
   2.10000000000035e+00    0.357500657100000   0.642499342900000   0.500000005000000    0.0000    0.0000    0.0000
   2.10000000000036e+00    0.357500657100000   0.142499342900000   0.500000005000000    0.0000    0.0000    0.0000
   2.10000000000037e+00    0.857500657100000   0.392499342900000   0.250000005000000    0.0000    0.0000    0.0000
   2.10000000000038e+00    0.357500657100000   0.642499342900000   0.000000005000000    0.0000    0.0000    0.0000
   2.10000000000039e+00    0.857500657100000   0.892499342900000   0.750000005000000    0.0000    0.0000    0.0000
   2.10000000000040e+00    0.857500657100000   0.892499342900000   0.250000005000000    0.0000    0.0000    0.0000
   2.10000000000041e+00    0.642499351300000   0.857500648800000   0.000000005000000    0.0000    0.0000    0.0000
   2.10000000000042e+00    0.142499351200000   0.107500648800000   0.750000005000000    0.0000    0.0000    0.0000
   2.10000000000043e+00    0.642499351200000   0.357500648800000   0.500000005000000    0.0000    0.0000    0.0000
   2.10000000000044e+00    0.642499351300000   0.857500648800000   0.500000005000000    0.0000    0.0000    0.0000
   2.10000000000045e+00    0.142499351200000   0.107500648800000   0.250000005000000    0.0000    0.0000    0.0000
   2.10000000000046e+00    0.642499351200000   0.357500648800000   0.000000005000000    0.0000    0.0000    0.0000
   2.10000000000047e+00    0.142499351200000   0.607500648800000   0.750000005000000    0.0000    0.0000    0.0000
   2.10000000000048e+00    0.142499351200000   0.607500648800000   0.250000005000000    0.0000    0.0000    0.0000
   3.10000000000049e+00    0.396868489100000   0.823434244600000   0.073434249600000    0.0000    0.0000    0.0000
   3.10000000000050e+00    0.896868489100000   0.073434244500000   0.823434249500000    0.0000    0.0000    0.0000
   3.10000000000051e+00    0.396868489100000   0.323434244600000   0.573434249500000    0.0000    0.0000    0.0000
   3.10000000000052e+00    0.396868489100000   0.823434244600000   0.573434249500000    0.0000    0.0000    0.0000
   3.10000000000053e+00    0.896868489100000   0.073434244500000   0.323434249500000    0.0000    0.0000    0.0000
   3.10000000000054e+00    0.396868489100000   0.323434244600000   0.073434249500000    0.0000    0.0000    0.0000
   3.10000000000055e+00    0.896868489100000   0.573434244600000   0.823434249500000    0.0000    0.0000    0.0000
   3.10000000000056e+00    0.896868489100000   0.573434244600000   0.323434249500000    0.0000    0.0000    0.0000
   3.10000000000057e+00    0.603131496700000   0.176565751900000   0.926565754500000    0.0000    0.0000    0.0000
   3.10000000000058e+00    0.103131496700000   0.426565751900000   0.676565754500000    0.0000    0.0000    0.0000
   3.10000000000059e+00    0.603131496700000   0.676565751900000   0.426565754500000    0.0000    0.0000    0.0000
   3.10000000000060e+00    0.603131496700000   0.176565751900000   0.426565754500000    0.0000    0.0000    0.0000
   3.10000000000061e+00    0.103131496700000   0.426565751900000   0.176565754500000    0.0000    0.0000    0.0000
   3.10000000000062e+00    0.603131496700000   0.676565751900000   0.926565754500000    0.0000    0.0000    0.0000
   3.10000000000063e+00    0.103131496700000   0.926565751900000   0.676565754500000    0.0000    0.0000    0.0000
   3.10000000000064e+00    0.103131496700000   0.926565751900000   0.176565754500000    0.0000    0.0000    0.0000
   3.10000000000065e+00    0.603131510900000   0.926565755400000   0.823434249500000    0.0000    0.0000    0.0000
   3.10000000000066e+00    0.103131510900000   0.176565755500000   0.573434249500000    0.0000    0.0000    0.0000
   3.10000000000067e+00    0.603131510900000   0.426565755400000   0.323434249500000    0.0000    0.0000    0.0000
   3.10000000000068e+00    0.603131510900000   0.926565755400000   0.323434249500000    0.0000    0.0000    0.0000
   3.10000000000069e+00    0.103131510900000   0.176565755500000   0.073434249500000    0.0000    0.0000    0.0000
   3.10000000000070e+00    0.603131510900000   0.426565755400000   0.823434249500000    0.0000    0.0000    0.0000
   3.10000000000071e+00    0.103131510900000   0.676565755400000   0.573434249500000    0.0000    0.0000    0.0000
   3.10000000000072e+00    0.103131510900000   0.676565755400000   0.073434249500000    0.0000    0.0000    0.0000
   3.10000000000073e+00    0.396868498600000   0.073434252800000   0.176565754500000    0.0000    0.0000    0.0000
   3.10000000000074e+00    0.896868498600000   0.323434252800000   0.926565754500000    0.0000    0.0000    0.0000
   3.10000000000075e+00    0.396868498600000   0.573434252800000   0.676565754500000    0.0000    0.0000    0.0000
   3.10000000000076e+00    0.396868498600000   0.073434252800000   0.676565754500000    0.0000    0.0000    0.0000
   3.10000000000077e+00    0.896868498600000   0.323434252800000   0.426565754500000    0.0000    0.0000    0.0000
   3.10000000000078e+00    0.396868498600000   0.573434252800000   0.176565754500000    0.0000    0.0000    0.0000
   3.10000000000079e+00    0.896868498600000   0.823434252800000   0.926565754600000    0.0000    0.0000    0.0000
   3.10000000000080e+00    0.896868498600000   0.823434252800000   0.426565754500000    0.0000    0.0000    0.0000
   3.10000000000081e+00    0.750000000000000   0.000000000000000   0.103131504000000    0.0000    0.0000    0.0000
   3.10000000000082e+00    0.250000000000000   0.250000000000000   0.853131504100000    0.0000    0.0000    0.0000
   3.10000000000083e+00    0.750000000000000   0.500000000000000   0.603131504100000    0.0000    0.0000    0.0000
   3.10000000000084e+00    0.750000000000000   0.000000000000000   0.603131504100000    0.0000    0.0000    0.0000
   3.10000000000085e+00    0.250000000000000   0.250000000000000   0.353131504100000    0.0000    0.0000    0.0000
   3.10000000000086e+00    0.750000000000000   0.500000000000000   0.103131504100000    0.0000    0.0000    0.0000
   3.10000000000087e+00    0.250000000000000   0.750000000000000   0.853131504100000    0.0000    0.0000    0.0000
   3.10000000000088e+00    0.250000000000000   0.750000000000000   0.353131504100000    0.0000    0.0000    0.0000
   3.10000000000089e+00    0.249999997700000   0.000000002300000   0.896868494100000    0.0000    0.0000    0.0000
   3.10000000000090e+00    0.749999997600000   0.250000002300000   0.646868494100000    0.0000    0.0000    0.0000
   3.10000000000091e+00    0.249999997600000   0.500000002300000   0.396868494100000    0.0000    0.0000    0.0000
   3.10000000000092e+00    0.249999997700000   0.000000002300000   0.396868494100000    0.0000    0.0000    0.0000
   3.10000000000093e+00    0.749999997600000   0.250000002300000   0.146868494100000    0.0000    0.0000    0.0000
   3.10000000000094e+00    0.249999997600000   0.500000002300000   0.896868494100000    0.0000    0.0000    0.0000
   3.10000000000095e+00    0.749999997700000   0.750000002300000   0.646868494100000    0.0000    0.0000    0.0000
   3.10000000000096e+00    0.749999997700000   0.750000002300000   0.146868494100000    0.0000    0.0000    0.0000
   4.10000000000097e+00    0.289872802400000   0.855282550100000   0.048418053700000    0.0000    0.0000    0.0000
   4.10000000000098e+00    0.789872802400000   0.105282550100000   0.798418053700000    0.0000    0.0000    0.0000
   4.10000000000099e+00    0.289872802400000   0.355282550100000   0.548418053700000    0.0000    0.0000    0.0000
   4.10000000000100e+00    0.289872802400000   0.855282550100000   0.548418053700000    0.0000    0.0000    0.0000
   4.10000000000101e+00    0.789872802400000   0.105282550100000   0.298418053700000    0.0000    0.0000    0.0000
   4.10000000000102e+00    0.289872802400000   0.355282550100000   0.048418053700000    0.0000    0.0000    0.0000
   4.10000000000103e+00    0.789872802400000   0.605282550100000   0.798418053700000    0.0000    0.0000    0.0000
   4.10000000000104e+00    0.789872802400000   0.605282550100000   0.298418053700000    0.0000    0.0000    0.0000
   4.10000000000105e+00    0.710127194400000   0.144717455800000   0.951581942800000    0.0000    0.0000    0.0000
   4.10000000000106e+00    0.210127194400000   0.394717455800000   0.701581942900000    0.0000    0.0000    0.0000
   4.10000000000107e+00    0.710127194400000   0.644717455800000   0.451581942900000    0.0000    0.0000    0.0000
   4.10000000000108e+00    0.710127194400000   0.144717455800000   0.451581942900000    0.0000    0.0000    0.0000
   4.10000000000109e+00    0.210127194400000   0.394717455800000   0.201581942900000    0.0000    0.0000    0.0000
   4.10000000000110e+00    0.710127194400000   0.644717455800000   0.951581942900000    0.0000    0.0000    0.0000
   4.10000000000111e+00    0.210127194400000   0.894717455800000   0.701581942800000    0.0000    0.0000    0.0000
   4.10000000000112e+00    0.210127194400000   0.894717455800000   0.201581942900000    0.0000    0.0000    0.0000
   4.10000000000113e+00    0.596299396800000   0.008495847300000   0.798368644700000    0.0000    0.0000    0.0000
   4.10000000000114e+00    0.096299396800000   0.258495847300000   0.548368644700000    0.0000    0.0000    0.0000
   4.10000000000115e+00    0.596299396800000   0.508495847300000   0.298368644700000    0.0000    0.0000    0.0000
   4.10000000000116e+00    0.596299396800000   0.008495847300000   0.298368644700000    0.0000    0.0000    0.0000
   4.10000000000117e+00    0.096299396800000   0.258495847300000   0.048368644700000    0.0000    0.0000    0.0000
   4.10000000000118e+00    0.596299396800000   0.508495847300000   0.798368644700000    0.0000    0.0000    0.0000
   4.10000000000119e+00    0.096299396800000   0.758495847300000   0.548368644700000    0.0000    0.0000    0.0000
   4.10000000000120e+00    0.096299396800000   0.758495847300000   0.048368644700000    0.0000    0.0000    0.0000
   4.10000000000121e+00    0.403700601100000   0.991504159200000   0.201631349400000    0.0000    0.0000    0.0000
   4.10000000000122e+00    0.903700601200000   0.241504159200000   0.951631349400000    0.0000    0.0000    0.0000
   4.10000000000123e+00    0.403700601200000   0.491504159200000   0.701631349400000    0.0000    0.0000    0.0000
   4.10000000000124e+00    0.403700601100000   0.991504159200000   0.701631349400000    0.0000    0.0000    0.0000
   4.10000000000125e+00    0.903700601200000   0.241504159200000   0.451631349400000    0.0000    0.0000    0.0000
   4.10000000000126e+00    0.403700601200000   0.491504159200000   0.201631349400000    0.0000    0.0000    0.0000
   4.10000000000127e+00    0.903700601100000   0.741504159200000   0.951631349400000    0.0000    0.0000    0.0000
   4.10000000000128e+00    0.903700601100000   0.741504159200000   0.451631349400000    0.0000    0.0000    0.0000
   4.10000000000129e+00    0.693135503800000   0.056913900800000   0.153213294500000    0.0000    0.0000    0.0000
   4.10000000000130e+00    0.193135503800000   0.306913900800000   0.903213294500000    0.0000    0.0000    0.0000
   4.10000000000131e+00    0.693135503800000   0.556913900800000   0.653213294500000    0.0000    0.0000    0.0000
   4.10000000000132e+00    0.693135503800000   0.056913900800000   0.653213294500000    0.0000    0.0000    0.0000
   4.10000000000133e+00    0.193135503800000   0.306913900800000   0.403213294500000    0.0000    0.0000    0.0000
   4.10000000000134e+00    0.693135503800000   0.556913900800000   0.153213294500000    0.0000    0.0000    0.0000
   4.10000000000135e+00    0.193135503800000   0.806913900800000   0.903213294500000    0.0000    0.0000    0.0000
   4.10000000000136e+00    0.193135503800000   0.806913900800000   0.403213294500000    0.0000    0.0000    0.0000
   4.10000000000137e+00    0.306864486400000   0.943086101800000   0.846786700600000    0.0000    0.0000    0.0000
   4.10000000000138e+00    0.806864486400000   0.193086101800000   0.596786700600000    0.0000    0.0000    0.0000
   4.10000000000139e+00    0.306864486400000   0.443086101800000   0.346786700600000    0.0000    0.0000    0.0000
   4.10000000000140e+00    0.306864486400000   0.943086101800000   0.346786700600000    0.0000    0.0000    0.0000
   4.10000000000141e+00    0.806864486400000   0.193086101800000   0.096786700600000    0.0000    0.0000    0.0000
   4.10000000000142e+00    0.306864486400000   0.443086101800000   0.846786700600000    0.0000    0.0000    0.0000
   4.10000000000143e+00    0.806864486400000   0.693086101800000   0.596786700600000    0.0000    0.0000    0.0000
   4.10000000000144e+00    0.806864486400000   0.693086101800000   0.096786700600000    0.0000    0.0000    0.0000
   4.10000000000145e+00    0.710127197600000   0.894717449900000   0.298418053700000    0.0000    0.0000    0.0000
   4.10000000000146e+00    0.210127197600000   0.144717449900000   0.048418053700000    0.0000    0.0000    0.0000
   4.10000000000147e+00    0.710127197600000   0.394717449900000   0.798418053700000    0.0000    0.0000    0.0000
   4.10000000000148e+00    0.710127197600000   0.894717449900000   0.798418053700000    0.0000    0.0000    0.0000
   4.10000000000149e+00    0.210127197600000   0.144717449900000   0.548418053700000    0.0000    0.0000    0.0000
   4.10000000000150e+00    0.710127197600000   0.394717449900000   0.298418053700000    0.0000    0.0000    0.0000
   4.10000000000151e+00    0.210127197600000   0.644717449900000   0.048418053700000    0.0000    0.0000    0.0000
   4.10000000000152e+00    0.210127197600000   0.644717449900000   0.548418053700000    0.0000    0.0000    0.0000
   4.10000000000153e+00    0.289872797300000   0.105282552500000   0.701581942900000    0.0000    0.0000    0.0000
   4.10000000000154e+00    0.789872797200000   0.355282552500000   0.451581942900000    0.0000    0.0000    0.0000
   4.10000000000155e+00    0.289872797200000   0.605282552500000   0.201581942900000    0.0000    0.0000    0.0000
   4.10000000000156e+00    0.289872797300000   0.105282552500000   0.201581942900000    0.0000    0.0000    0.0000
   4.10000000000157e+00    0.789872797200000   0.355282552500000   0.951581942900000    0.0000    0.0000    0.0000
   4.10000000000158e+00    0.289872797200000   0.605282552500000   0.701581942900000    0.0000    0.0000    0.0000
   4.10000000000159e+00    0.789872797300000   0.855282552500000   0.451581942900000    0.0000    0.0000    0.0000
   4.10000000000160e+00    0.789872797300000   0.855282552500000   0.951581942900000    0.0000    0.0000    0.0000
   4.10000000000161e+00    0.903700603200000   0.991504152700000   0.298368644700000    0.0000    0.0000    0.0000
   4.10000000000162e+00    0.403700603200000   0.241504152700000   0.048368644700000    0.0000    0.0000    0.0000
   4.10000000000163e+00    0.903700603200000   0.491504152700000   0.798368644700000    0.0000    0.0000    0.0000
   4.10000000000164e+00    0.903700603200000   0.991504152700000   0.798368644700000    0.0000    0.0000    0.0000
   4.10000000000165e+00    0.403700603200000   0.241504152700000   0.548368644700000    0.0000    0.0000    0.0000
   4.10000000000166e+00    0.903700603200000   0.491504152700000   0.298368644700000    0.0000    0.0000    0.0000
   4.10000000000167e+00    0.403700603200000   0.741504152700000   0.048368644700000    0.0000    0.0000    0.0000
   4.10000000000168e+00    0.403700603200000   0.741504152700000   0.548368644700000    0.0000    0.0000    0.0000
   4.10000000000169e+00    0.096299390600000   0.008495849200000   0.701631349500000    0.0000    0.0000    0.0000
   4.10000000000170e+00    0.596299390600000   0.258495849200000   0.451631349500000    0.0000    0.0000    0.0000
   4.10000000000171e+00    0.096299390600000   0.508495849200000   0.201631349500000    0.0000    0.0000    0.0000
   4.10000000000172e+00    0.096299390600000   0.008495849200000   0.201631349500000    0.0000    0.0000    0.0000
   4.10000000000173e+00    0.596299390600000   0.258495849200000   0.951631349500000    0.0000    0.0000    0.0000
   4.10000000000174e+00    0.096299390600000   0.508495849200000   0.701631349500000    0.0000    0.0000    0.0000
   4.10000000000175e+00    0.596299390600000   0.758495849200000   0.451631349500000    0.0000    0.0000    0.0000
   4.10000000000176e+00    0.596299390600000   0.758495849200000   0.951631349500000    0.0000    0.0000    0.0000
   4.10000000000177e+00    0.806864496200000   0.943086099200000   0.153213294500000    0.0000    0.0000    0.0000
   4.10000000000178e+00    0.306864496200000   0.193086099200000   0.903213294400000    0.0000    0.0000    0.0000
   4.10000000000179e+00    0.806864496200000   0.443086099200000   0.653213294400000    0.0000    0.0000    0.0000
   4.10000000000180e+00    0.806864496200000   0.943086099200000   0.653213294400000    0.0000    0.0000    0.0000
   4.10000000000181e+00    0.306864496200000   0.193086099200000   0.403213294400000    0.0000    0.0000    0.0000
   4.10000000000182e+00    0.806864496200000   0.443086099200000   0.153213294400000    0.0000    0.0000    0.0000
   4.10000000000183e+00    0.306864496200000   0.693086099200000   0.903213294400000    0.0000    0.0000    0.0000
   4.10000000000184e+00    0.306864496200000   0.693086099200000   0.403213294400000    0.0000    0.0000    0.0000
   4.10000000000185e+00    0.193135505300000   0.056913906600000   0.846786700700000    0.0000    0.0000    0.0000
   4.10000000000186e+00    0.693135505300000   0.306913906600000   0.596786700700000    0.0000    0.0000    0.0000
   4.10000000000187e+00    0.193135505300000   0.556913906500000   0.346786700700000    0.0000    0.0000    0.0000
   4.10000000000188e+00    0.193135505300000   0.056913906600000   0.346786700600000    0.0000    0.0000    0.0000
   4.10000000000189e+00    0.693135505300000   0.306913906600000   0.096786700600000    0.0000    0.0000    0.0000
   4.10000000000190e+00    0.193135505300000   0.556913906500000   0.846786700600000    0.0000    0.0000    0.0000
   4.10000000000191e+00    0.693135505300000   0.806913906500000   0.596786700700000    0.0000    0.0000    0.0000
   4.10000000000192e+00    0.693135505300000   0.806913906500000   0.096786700700000    0.0000    0.0000    0.0000
   4.10000000000193e+00    0.590840187200000   0.174707025700000   0.840130105300000    0.0000    0.0000    0.0000
   4.10000000000194e+00    0.090840187200000   0.424707025700000   0.590130105300000    0.0000    0.0000    0.0000
   4.10000000000195e+00    0.590840187200000   0.674707025700000   0.340130105400000    0.0000    0.0000    0.0000
   4.10000000000196e+00    0.590840187200000   0.174707025700000   0.340130105400000    0.0000    0.0000    0.0000
   4.10000000000197e+00    0.090840187200000   0.424707025700000   0.090130105400000    0.0000    0.0000    0.0000
   4.10000000000198e+00    0.590840187200000   0.674707025700000   0.840130105400000    0.0000    0.0000    0.0000
   4.10000000000199e+00    0.090840187200000   0.924707025700000   0.590130105300000    0.0000    0.0000    0.0000
   4.10000000000200e+00    0.090840187200000   0.924707025700000   0.090130105300000    0.0000    0.0000    0.0000
   4.10000000000201e+00    0.409159827900000   0.825292959400000   0.159869887200000    0.0000    0.0000    0.0000
   4.10000000000202e+00    0.909159827900000   0.075292959400000   0.909869887200000    0.0000    0.0000    0.0000
   4.10000000000203e+00    0.409159827900000   0.325292959400000   0.659869887200000    0.0000    0.0000    0.0000
   4.10000000000204e+00    0.409159827900000   0.825292959400000   0.659869887200000    0.0000    0.0000    0.0000
   4.10000000000205e+00    0.909159827900000   0.075292959400000   0.409869887200000    0.0000    0.0000    0.0000
   4.10000000000206e+00    0.409159827900000   0.325292959400000   0.159869887200000    0.0000    0.0000    0.0000
   4.10000000000207e+00    0.909159827900000   0.575292959400000   0.909869887200000    0.0000    0.0000    0.0000
   4.10000000000208e+00    0.909159827900000   0.575292959400000   0.409869887200000    0.0000    0.0000    0.0000
   4.10000000000209e+00    0.485162856500000   0.121868360300000   0.212708552500000    0.0000    0.0000    0.0000
   4.10000000000210e+00    0.985162856500000   0.371868360300000   0.962708552500000    0.0000    0.0000    0.0000
   4.10000000000211e+00    0.485162856500000   0.621868360300000   0.712708552500000    0.0000    0.0000    0.0000
   4.10000000000212e+00    0.485162856500000   0.121868360300000   0.712708552500000    0.0000    0.0000    0.0000
   4.10000000000213e+00    0.985162856500000   0.371868360300000   0.462708552500000    0.0000    0.0000    0.0000
   4.10000000000214e+00    0.485162856500000   0.621868360300000   0.212708552500000    0.0000    0.0000    0.0000
   4.10000000000215e+00    0.985162856500000   0.871868360300000   0.962708552500000    0.0000    0.0000    0.0000
   4.10000000000216e+00    0.985162856500000   0.871868360300000   0.462708552500000    0.0000    0.0000    0.0000
   4.10000000000217e+00    0.514837141100000   0.878131615900000   0.787291448700000    0.0000    0.0000    0.0000
   4.10000000000218e+00    0.014837141000000   0.128131615900000   0.537291448700000    0.0000    0.0000    0.0000
   4.10000000000219e+00    0.514837141000000   0.378131615900000   0.287291448700000    0.0000    0.0000    0.0000
   4.10000000000220e+00    0.514837141100000   0.878131615900000   0.287291448700000    0.0000    0.0000    0.0000
   4.10000000000221e+00    0.014837141000000   0.128131615900000   0.037291448700000    0.0000    0.0000    0.0000
   4.10000000000222e+00    0.514837141000000   0.378131615900000   0.787291448700000    0.0000    0.0000    0.0000
   4.10000000000223e+00    0.014837141000000   0.628131615900000   0.537291448700000    0.0000    0.0000    0.0000
   4.10000000000224e+00    0.014837141000000   0.628131615900000   0.037291448700000    0.0000    0.0000    0.0000
   4.10000000000225e+00    0.165423092000000   0.961998478100000   0.947161339700000    0.0000    0.0000    0.0000
   4.10000000000226e+00    0.665423092000000   0.211998478100000   0.697161339700000    0.0000    0.0000    0.0000
   4.10000000000227e+00    0.165423092000000   0.461998478100000   0.447161339700000    0.0000    0.0000    0.0000
   4.10000000000228e+00    0.165423092000000   0.961998478100000   0.447161339700000    0.0000    0.0000    0.0000
   4.10000000000229e+00    0.665423092000000   0.211998478100000   0.197161339700000    0.0000    0.0000    0.0000
   4.10000000000230e+00    0.165423092000000   0.461998478100000   0.947161339700000    0.0000    0.0000    0.0000
   4.10000000000231e+00    0.665423092000000   0.711998478100000   0.697161339700000    0.0000    0.0000    0.0000
   4.10000000000232e+00    0.665423092000000   0.711998478100000   0.197161339700000    0.0000    0.0000    0.0000
   4.10000000000233e+00    0.834576940400000   0.038001515600000   0.052838661600000    0.0000    0.0000    0.0000
   4.10000000000234e+00    0.334576940300000   0.288001515600000   0.802838661600000    0.0000    0.0000    0.0000
   4.10000000000235e+00    0.834576940300000   0.538001515600000   0.552838661600000    0.0000    0.0000    0.0000
   4.10000000000236e+00    0.834576940400000   0.038001515600000   0.552838661600000    0.0000    0.0000    0.0000
   4.10000000000237e+00    0.334576940300000   0.288001515600000   0.302838661600000    0.0000    0.0000    0.0000
   4.10000000000238e+00    0.834576940300000   0.538001515600000   0.052838661600000    0.0000    0.0000    0.0000
   4.10000000000239e+00    0.334576940400000   0.788001515600000   0.802838661600000    0.0000    0.0000    0.0000
   4.10000000000240e+00    0.334576940400000   0.788001515600000   0.302838661600000    0.0000    0.0000    0.0000
   4.10000000000241e+00    0.409159815500000   0.075292971600000   0.090130105300000    0.0000    0.0000    0.0000
   4.10000000000242e+00    0.909159815500000   0.325292971600000   0.840130105300000    0.0000    0.0000    0.0000
   4.10000000000243e+00    0.409159815500000   0.575292971600000   0.590130105300000    0.0000    0.0000    0.0000
   4.10000000000244e+00    0.409159815500000   0.075292971600000   0.590130105300000    0.0000    0.0000    0.0000
   4.10000000000245e+00    0.909159815500000   0.325292971600000   0.340130105300000    0.0000    0.0000    0.0000
   4.10000000000246e+00    0.409159815500000   0.575292971600000   0.090130105300000    0.0000    0.0000    0.0000
   4.10000000000247e+00    0.909159815500000   0.825292971600000   0.840130105300000    0.0000    0.0000    0.0000
   4.10000000000248e+00    0.909159815500000   0.825292971600000   0.340130105300000    0.0000    0.0000    0.0000
   4.10000000000249e+00    0.590840167000000   0.924707045600000   0.909869887300000    0.0000    0.0000    0.0000
   4.10000000000250e+00    0.090840167000000   0.174707045600000   0.659869887300000    0.0000    0.0000    0.0000
   4.10000000000251e+00    0.590840167000000   0.424707045600000   0.409869887300000    0.0000    0.0000    0.0000
   4.10000000000252e+00    0.590840167000000   0.924707045600000   0.409869887300000    0.0000    0.0000    0.0000
   4.10000000000253e+00    0.090840167000000   0.174707045600000   0.159869887300000    0.0000    0.0000    0.0000
   4.10000000000254e+00    0.590840167000000   0.424707045600000   0.909869887300000    0.0000    0.0000    0.0000
   4.10000000000255e+00    0.090840167000000   0.674707045600000   0.659869887300000    0.0000    0.0000    0.0000
   4.10000000000256e+00    0.090840167000000   0.674707045600000   0.159869887300000    0.0000    0.0000    0.0000
   4.10000000000257e+00    0.514837146200000   0.128131637000000   0.962708552500000    0.0000    0.0000    0.0000
   4.10000000000258e+00    0.014837146200000   0.378131637000000   0.712708552500000    0.0000    0.0000    0.0000
   4.10000000000259e+00    0.514837146200000   0.628131637000000   0.462708552500000    0.0000    0.0000    0.0000
   4.10000000000260e+00    0.514837146200000   0.128131637000000   0.462708552500000    0.0000    0.0000    0.0000
   4.10000000000261e+00    0.014837146200000   0.378131637000000   0.212708552500000    0.0000    0.0000    0.0000
   4.10000000000262e+00    0.514837146200000   0.628131637000000   0.962708552500000    0.0000    0.0000    0.0000
   4.10000000000263e+00    0.014837146200000   0.878131637000000   0.712708552500000    0.0000    0.0000    0.0000
   4.10000000000264e+00    0.014837146200000   0.878131637000000   0.212708552600000    0.0000    0.0000    0.0000
   4.10000000000265e+00    0.485162853900000   0.871868389100000   0.037291448700000    0.0000    0.0000    0.0000
   4.10000000000266e+00    0.985162853900000   0.121868389100000   0.787291448700000    0.0000    0.0000    0.0000
   4.10000000000267e+00    0.485162853900000   0.371868389100000   0.537291448700000    0.0000    0.0000    0.0000
   4.10000000000268e+00    0.485162853900000   0.871868389100000   0.537291448700000    0.0000    0.0000    0.0000
   4.10000000000269e+00    0.985162853900000   0.121868389100000   0.287291448700000    0.0000    0.0000    0.0000
   4.10000000000270e+00    0.485162853900000   0.371868389100000   0.037291448700000    0.0000    0.0000    0.0000
   4.10000000000271e+00    0.985162853900000   0.621868389100000   0.787291448700000    0.0000    0.0000    0.0000
   4.10000000000272e+00    0.985162853900000   0.621868389100000   0.287291448700000    0.0000    0.0000    0.0000
   4.10000000000273e+00    0.334576910700000   0.038001519200000   0.947161339700000    0.0000    0.0000    0.0000
   4.10000000000274e+00    0.834576910700000   0.288001519300000   0.697161339700000    0.0000    0.0000    0.0000
   4.10000000000275e+00    0.334576910700000   0.538001519300000   0.447161339700000    0.0000    0.0000    0.0000
   4.10000000000276e+00    0.334576910700000   0.038001519200000   0.447161339700000    0.0000    0.0000    0.0000
   4.10000000000277e+00    0.834576910700000   0.288001519300000   0.197161339700000    0.0000    0.0000    0.0000
   4.10000000000278e+00    0.334576910700000   0.538001519300000   0.947161339700000    0.0000    0.0000    0.0000
   4.10000000000279e+00    0.834576910700000   0.788001519200000   0.697161339700000    0.0000    0.0000    0.0000
   4.10000000000280e+00    0.834576910700000   0.788001519200000   0.197161339700000    0.0000    0.0000    0.0000
   4.10000000000281e+00    0.665423054600000   0.961998489400000   0.052838661600000    0.0000    0.0000    0.0000
   4.10000000000282e+00    0.165423054600000   0.211998489400000   0.802838661600000    0.0000    0.0000    0.0000
   4.10000000000283e+00    0.665423054600000   0.461998489400000   0.552838661600000    0.0000    0.0000    0.0000
   4.10000000000284e+00    0.665423054600000   0.961998489400000   0.552838661600000    0.0000    0.0000    0.0000
   4.10000000000285e+00    0.165423054600000   0.211998489400000   0.302838661600000    0.0000    0.0000    0.0000
   4.10000000000286e+00    0.665423054600000   0.461998489400000   0.052838661600000    0.0000    0.0000    0.0000
   4.10000000000287e+00    0.165423054600000   0.711998489400000   0.802838661600000    0.0000    0.0000    0.0000
   4.10000000000288e+00    0.165423054600000   0.711998489400000   0.302838661600000    0.0000    0.0000    0.0000
