!
!  specorder: W He
!
  3.20440000000000E+000
  3.00000000000000E+000  0.00000000000000E+000  0.00000000000000E+000  0.00  0.00  0.00
  0.00000000000000E+000  3.00000000000000E+000  0.00000000000000E+000  0.00  0.00  0.00
  0.00000000000000E+000  0.00000000000000E+000  3.00000000000000E+000  0.00  0.00  0.00
        54
  1.10000000000001E+000  8.33333333333333E-002  8.33333333333333E-002  8.33333333333333E-002  6.70091420786672E-005  5.40697328336346E-004 -2.07295312799943E-005  2.6172E-001 -8.5874E+000 -6.4917E-001 -6.4917E-001 -6.4917E-001  2.1274E-001  2.1274E-001  2.1274E-001
  1.10000000000002E+000  2.50000000000000E-001  2.50000000000000E-001  2.50000000000000E-001 -3.07733193193665E-004  1.20197022882161E-004  1.46074556046369E-005  9.6282E-002 -8.5874E+000  8.3998E-001  8.3998E-001  8.3998E-001  1.1102E-016  1.1102E-016 -1.1102E-016
  1.10000000000003E+000  8.33333333333333E-002  8.33333333333333E-002  4.16666666666667E-001  6.30332185194934E-005  3.94083787692149E-004  1.44030584747864E-004  1.5849E-001 -8.5874E+000 -4.3644E-001 -4.3644E-001 -1.2837E+000  1.4211E-014  1.3767E-014  4.2547E-001
  1.10000000000004E+000  2.50000000000000E-001  2.50000000000000E-001  5.83333333333333E-001  1.03100556760662E-004  1.29171708115793E-004 -1.71990956602805E-005  2.4309E-002 -8.5874E+000  8.3998E-001  8.3998E-001 -7.3102E-003 -9.9920E-016 -7.7716E-016  7.7716E-016
  1.10000000000005E+000  8.33333333333333E-002  8.33333333333333E-002  7.50000000000000E-001  4.86302619526932E-004 -1.13066191938854E-004  3.25141031362972E-005  2.2039E-001 -8.5874E+000 -4.3644E-001 -4.3644E-001 -4.3644E-001  1.1102E-016  5.5511E-017  4.2547E-001
  1.10000000000006E+000  2.50000000000000E-001  2.50000000000000E-001  9.16666666666667E-001 -2.30186204121561E-004  6.13401140737491E-004  4.32094108780409E-004  5.4229E-001 -8.5874E+000 -1.0965E-002 -1.0965E-002 -1.0965E-002  1.1324E-014  1.1047E-014 -2.7200E-015
  1.10000000000007E+000  8.33333333333333E-002  4.16666666666667E-001  8.33333333333333E-002  3.97729254887854E-004  1.80299082682271E-004 -3.48032530279704E-004  2.7453E-001 -8.5874E+000 -4.3644E-001 -1.2837E+000 -4.3644E-001  1.3767E-014  4.2547E-001  1.4322E-014
  1.10000000000008E+000  2.50000000000000E-001  5.83333333333333E-001  2.50000000000000E-001  8.90851084499921E-005 -2.47004339974536E-004 -1.21203489920933E-004  7.3635E-002 -8.5874E+000  8.3998E-001 -7.3102E-003  8.3998E-001 -6.6613E-016  7.2164E-016 -1.3323E-015
  1.10000000000009E+000  8.33333333333333E-002  4.16666666666667E-001  4.16666666666667E-001 -2.84538358736558E-004 -1.58619502378272E-004 -8.34913139794545E-005  9.9568E-002 -8.5874E+000 -1.0965E-002 -8.5825E-001 -8.5825E-001  2.8311E-015  2.8533E-014  2.8422E-014
  1.10000000000010E+000  2.50000000000000E-001  5.83333333333333E-001  5.83333333333333E-001 -9.58796681218385E-005 -5.23860499574695E-005 -1.21145981196924E-004  2.3431E-002 -8.5874E+000  8.3998E-001 -7.3102E-003 -7.3102E-003 -9.4369E-016  1.1102E-015  1.1657E-015
  1.10000000000011E+000  8.33333333333333E-002  4.16666666666667E-001  7.50000000000000E-001 -2.52675753459643E-004 -2.83730488490802E-004  9.88097238860957E-006  1.2717E-001 -8.5874E+000 -1.0965E-002 -8.5825E-001 -1.0965E-002  4.9960E-016 -1.1102E-016  3.0476E-014
  1.10000000000012E+000  2.50000000000000E-001  5.83333333333333E-001  9.16666666666667E-001  2.46682096492492E-004 -9.78814419692852E-005 -3.75173065387141E-005  6.3249E-002 -8.5874E+000 -1.0965E-002 -8.5825E-001 -1.0965E-002  2.7089E-014  6.9944E-015  1.1102E-015
  1.10000000000013E+000  8.33333333333333E-002  7.50000000000000E-001  8.33333333333333E-002  2.73482144374717E-004 -2.93420309247796E-004 -1.03724930555755E-004  1.5112E-001 -8.5874E+000 -4.3644E-001 -4.3644E-001 -4.3644E-001  1.1102E-016  4.2547E-001  3.3307E-016
  1.10000000000014E+000  2.50000000000000E-001  9.16666666666667E-001  2.50000000000000E-001  2.29035229371998E-004 -1.31503296105039E-004  4.05640693125972E-004  2.0628E-001 -8.5874E+000 -1.0965E-002 -1.0965E-002 -1.0965E-002  9.6589E-015 -9.9920E-016  1.0214E-014
  1.10000000000015E+000  8.33333333333333E-002  7.50000000000000E-001  4.16666666666667E-001 -4.33640717887672E-005  9.89475077029857E-005 -2.21141182352181E-004  5.3330E-002 -8.5874E+000 -1.0965E-002 -1.0965E-002 -8.5825E-001  2.7756E-016  3.0420E-014 -1.6653E-016
  1.10000000000016E+000  2.50000000000000E-001  9.16666666666667E-001  5.83333333333333E-001 -3.60314166985859E-004 -1.01540459186769E-004 -1.69007385215965E-004  1.4853E-001 -8.5874E+000 -1.0965E-002 -1.0965E-002 -8.5825E-001  2.9199E-014  2.2204E-015  8.3267E-015
  1.10000000000017E+000  8.33333333333333E-002  7.50000000000000E-001  7.50000000000000E-001 -9.72020706950899E-005  3.55698788954329E-004 -9.14469703368333E-005  1.2707E-001 -8.5874E+000 -1.0965E-002 -1.0965E-002 -1.0965E-002 -3.8858E-016  1.6653E-016 -5.5511E-017
  1.10000000000018E+000  2.50000000000000E-001  9.16666666666667E-001  9.16666666666667E-001 -2.85809364119730E-004  3.08127800451313E-004  2.74097573095337E-004  2.2165E-001 -8.5874E+000 -4.3644E-001 -4.3644E-001 -4.3644E-001  4.2547E-001  1.3878E-015  4.7184E-015
  1.10000000000019E+000  4.16666666666667E-001  8.33333333333333E-002  8.33333333333333E-002 -1.46093490312300E-005 -2.20174572540762E-004  6.09676973040910E-005  4.6140E-002 -8.5874E+000 -1.2837E+000 -4.3644E-001 -4.3644E-001  4.2547E-001  1.4655E-014  1.4266E-014
  1.10000000000020E+000  5.83333333333333E-001  2.50000000000000E-001  2.50000000000000E-001  3.89737515036024E-004 -1.55092583236515E-004  1.72003863806526E-005  1.5517E-001 -8.5874E+000 -7.3102E-003  8.3998E-001  8.3998E-001  7.7716E-016 -8.8818E-016 -8.3267E-016
  1.10000000000021E+000  4.16666666666667E-001  8.33333333333333E-002  4.16666666666667E-001  6.17153929074401E-005 -3.51547514729941E-005 -1.18788370234810E-004  1.6865E-002 -8.5874E+000 -8.5825E-001 -1.0965E-002 -8.5825E-001  2.8366E-014  2.7200E-015  2.8255E-014
  1.10000000000022E+000  5.83333333333333E-001  2.50000000000000E-001  5.83333333333333E-001 -4.71241087597390E-005  1.45823495667575E-004 -2.95570465663410E-004  9.7591E-002 -8.5874E+000 -7.3102E-003  8.3998E-001 -7.3102E-003  1.1657E-015 -9.4369E-016  1.1102E-015
  1.10000000000023E+000  4.16666666666667E-001  8.33333333333333E-002  7.50000000000000E-001  1.06050645953274E-004 -4.32452236883621E-004 -1.05079035020206E-004  1.8427E-001 -8.5874E+000 -8.5825E-001 -1.0965E-002 -1.0965E-002  7.7716E-016 -4.4409E-016  3.0753E-014
  1.10000000000024E+000  5.83333333333333E-001  2.50000000000000E-001  9.16666666666667E-001 -2.60293671988770E-004 -4.44265466030897E-004  2.28137031567326E-004  2.7924E-001 -8.5874E+000 -8.5825E-001 -1.0965E-002 -1.0965E-002  6.6613E-015  2.7311E-014  7.2164E-016
  1.10000000000025E+000  4.16666666666667E-001  4.16666666666667E-001  8.33333333333333E-002  9.17776577482501E-005 -1.55724774366962E-004 -1.14184324615386E-004  4.0245E-002 -8.5874E+000 -8.5825E-001 -8.5825E-001 -1.0965E-002  2.7423E-014  2.7256E-014  3.9413E-015
  1.10000000000026E+000  5.83333333333333E-001  5.83333333333333E-001  2.50000000000000E-001 -2.97491334281502E-005  4.47958503960748E-004 -1.09118043640740E-004  1.8793E-001 -8.5874E+000 -7.3102E-003 -7.3102E-003  8.3998E-001  1.1102E-015  1.0547E-015 -6.6613E-016
  1.10000000000027E+000  4.16666666666667E-001  4.16666666666667E-001  4.16666666666667E-001 -7.55318248970245E-006  9.56299696261416E-005 -3.39713396152498E-004  1.0971E-001 -8.5874E+000 -7.3102E-003 -7.3102E-003 -7.3102E-003 -1.3878E-015 -1.4988E-015 -1.3878E-015
  1.10000000000028E+000  5.83333333333333E-001  5.83333333333333E-001  5.83333333333333E-001  8.19239365229785E-005  1.15942852420876E-004 -5.24762260008812E-005  2.0168E-002 -8.5874E+000 -7.3102E-003 -7.3102E-003 -7.3102E-003 -2.7756E-016 -2.2204E-016 -1.1102E-016
  1.10000000000029E+000  4.16666666666667E-001  4.16666666666667E-001  7.50000000000000E-001 -1.23067280561966E-004 -1.11420822889496E-004 -3.01224429748211E-004  1.0415E-001 -8.5874E+000 -7.3102E-003 -7.3102E-003  8.3998E-001  0.0000E+000 -2.2204E-016 -2.1094E-015
  1.10000000000030E+000  5.83333333333333E-001  5.83333333333333E-001  9.16666666666667E-001  1.54644025741718E-004  6.39494962827214E-004 -4.68678984012338E-005  3.8304E-001 -8.5874E+000 -8.5825E-001 -8.5825E-001 -1.0965E-002  2.5480E-014  2.6201E-014  2.9976E-015
  1.10000000000031E+000  4.16666666666667E-001  7.50000000000000E-001  8.33333333333333E-002 -2.58701417950698E-004 -2.12459037357676E-004 -3.70064220366311E-005  9.9869E-002 -8.5874E+000 -8.5825E-001 -1.0965E-002 -1.0965E-002  2.7756E-016  2.8422E-014  1.1102E-016
  1.10000000000032E+000  5.83333333333333E-001  9.16666666666667E-001  2.50000000000000E-001 -1.64920404285645E-004 -1.40120039007859E-004  3.02494692663216E-004  1.2179E-001 -8.5874E+000 -8.5825E-001 -1.0965E-002 -1.0965E-002  8.3267E-015  2.6090E-015  2.8533E-014
  1.10000000000033E+000  4.16666666666667E-001  7.50000000000000E-001  4.16666666666667E-001  1.43319363843514E-004 -3.80810550105769E-004  1.15943280135439E-004  1.5759E-001 -8.5874E+000 -7.3102E-003  8.3998E-001 -7.3102E-003 -5.5511E-017 -2.1649E-015  5.5511E-017
  1.10000000000034E+000  5.83333333333333E-001  9.16666666666667E-001  5.83333333333333E-001  2.26246223674413E-004  2.92175746309570E-006 -5.50864213205202E-005  4.7745E-002 -8.5874E+000 -8.5825E-001 -1.0965E-002 -8.5825E-001  2.7256E-014  1.2212E-015  2.6701E-014
  1.10000000000035E+000  4.16666666666667E-001  7.50000000000000E-001  7.50000000000000E-001 -3.73188687741643E-004 -7.25031798356802E-005  1.41622964102222E-004  1.4490E-001 -8.5874E+000 -7.3102E-003  8.3998E-001  8.3998E-001 -2.2204E-016 -1.1102E-016 -2.2204E-016
  1.10000000000036E+000  5.83333333333333E-001  9.16666666666667E-001  9.16666666666667E-001  9.87025100600672E-005  2.24909034878228E-007 -1.14767479595465E-004  2.0174E-002 -8.5874E+000 -1.2837E+000 -4.3644E-001 -4.3644E-001  4.2547E-001  1.3378E-014  1.2712E-014
  1.10000000000037E+000  7.50000000000000E-001  8.33333333333333E-002  8.33333333333333E-002  2.14552297792457E-004 -6.80814493226005E-005  1.97452218663619E-005  4.4952E-002 -8.5874E+000 -4.3644E-001 -4.3644E-001 -4.3644E-001  4.2547E-001 -3.3307E-016 -3.8858E-016
  1.10000000000038E+000  9.16666666666667E-001  2.50000000000000E-001  2.50000000000000E-001  1.63609402030335E-004  1.64028321313541E-004  1.53893369269802E-004  6.8105E-002 -8.5874E+000 -1.0965E-002 -1.0965E-002 -1.0965E-002 -1.1102E-015  9.7700E-015  9.8810E-015
  1.10000000000039E+000  7.50000000000000E-001  8.33333333333333E-002  4.16666666666667E-001  1.64500887080451E-004 -2.03602473874572E-005 -9.46544022954036E-005  3.2077E-002 -8.5874E+000 -1.0965E-002 -1.0965E-002 -8.5825E-001  3.0531E-014  1.6653E-016  2.2204E-016
  1.10000000000040E+000  9.16666666666667E-001  2.50000000000000E-001  5.83333333333333E-001 -1.00356800732720E-004  2.13624164424733E-004 -3.98224427335364E-004  1.8866E-001 -8.5874E+000 -1.0965E-002 -1.0965E-002 -8.5825E-001  2.4425E-015  2.8588E-014  8.2157E-015
  1.10000000000041E+000  7.50000000000000E-001  8.33333333333333E-002  7.50000000000000E-001 -9.75529404220695E-005  2.95095418476506E-004  8.28940693622271E-005  9.1095E-002 -8.5874E+000 -1.0965E-002 -1.0965E-002 -1.0965E-002  3.3307E-016 -1.1102E-016 -2.7756E-016
  1.10000000000042E+000  9.16666666666667E-001  2.50000000000000E-001  9.16666666666667E-001  1.84651378002053E-005  1.38279423872425E-004  6.83681378874333E-005  2.1250E-002 -8.5874E+000 -4.3644E-001 -4.3644E-001 -4.3644E-001  1.4988E-015  4.2547E-001  4.4409E-015
  1.10000000000043E+000  7.50000000000000E-001  4.16666666666667E-001  8.33333333333333E-002  6.93236958702230E-005  6.76823789550907E-005 -2.66995598346435E-004  7.1026E-002 -8.5874E+000 -1.0965E-002 -8.5825E-001 -1.0965E-002  2.7756E-014  0.0000E+000  4.9960E-016
  1.10000000000044E+000  9.16666666666667E-001  5.83333333333333E-001  2.50000000000000E-001 -4.26579065396431E-004 -2.33391985609626E-004  8.95564735252063E-005  2.1523E-001 -8.5874E+000 -1.0965E-002 -8.5825E-001 -1.0965E-002  1.6098E-015  7.8271E-015  2.8699E-014
  1.10000000000045E+000  7.50000000000000E-001  4.16666666666667E-001  4.16666666666667E-001  3.07505789372047E-004  1.89523748692562E-005  2.84940639563834E-004  1.5505E-001 -8.5874E+000  8.3998E-001 -7.3102E-003 -7.3102E-003 -2.2204E-015  0.0000E+000 -1.1102E-016
  1.10000000000046E+000  9.16666666666667E-001  5.83333333333333E-001  5.83333333333333E-001 -1.96816431893022E-004 -3.33700662378073E-004 -4.05538631921353E-004  2.7694E-001 -8.5874E+000 -1.0965E-002 -8.5825E-001 -8.5825E-001  1.6098E-015  2.6701E-014  2.7089E-014
  1.10000000000047E+000  7.50000000000000E-001  4.16666666666667E-001  7.50000000000000E-001  1.08042396003755E-004  5.54980014921140E-005 -1.38450238200907E-004  2.9865E-002 -8.5874E+000  8.3998E-001 -7.3102E-003  8.3998E-001  5.5511E-017  0.0000E+000  5.5511E-017
  1.10000000000048E+000  9.16666666666667E-001  5.83333333333333E-001  9.16666666666667E-001  9.47101333538679E-005 -4.10850177319277E-004  1.84316541958677E-004  1.8642E-001 -8.5874E+000 -4.3644E-001 -1.2837E+000 -4.3644E-001  1.3545E-014  4.2547E-001  1.3045E-014
  1.10000000000049E+000  7.50000000000000E-001  7.50000000000000E-001  8.33333333333333E-002 -1.95156140937099E-004  3.93243271442974E-005 -5.44126372389437E-005  3.7499E-002 -8.5874E+000 -1.0965E-002 -1.0965E-002 -1.0965E-002  3.8858E-016 -4.4409E-016 -2.2204E-016
  1.10000000000050E+000  9.16666666666667E-001  9.16666666666667E-001  2.50000000000000E-001 -7.11607018637174E-005 -2.47817615886784E-004 -1.91548393197530E-004  9.0830E-002 -8.5874E+000 -4.3644E-001 -4.3644E-001 -4.3644E-001  3.2752E-015  2.6645E-015  4.2547E-001
  1.10000000000051E+000  7.50000000000000E-001  7.50000000000000E-001  4.16666666666667E-001  1.22118728124447E-004 -4.02738896988649E-005  3.19215905319873E-004  1.0427E-001 -8.5874E+000  8.3998E-001  8.3998E-001 -7.3102E-003  5.5511E-017  5.5511E-017 -5.5511E-017
  1.10000000000052E+000  9.16666666666667E-001  9.16666666666667E-001  5.83333333333333E-001 -7.07940284603846E-005  3.06220062993491E-005  4.64665895040040E-004  1.9533E-001 -8.5874E+000 -4.3644E-001 -4.3644E-001 -1.2837E+000  1.3323E-014  1.3156E-014  4.2547E-001
  1.10000000000053E+000  7.50000000000000E-001  7.50000000000000E-001  7.50000000000000E-001  6.78612272782571E-006 -2.78964007461923E-004  4.04581369334295E-004  2.1267E-001 -8.5874E+000  8.3998E-001  8.3998E-001  8.3998E-001 -2.2204E-016  0.0000E+000 -5.5511E-017
  1.10000000000054E+000  9.16666666666667E-001  9.16666666666667E-001  9.16666666666667E-001 -1.83865034940403E-004  2.61043092638980E-004  3.22937392122848E-004  1.8157E-001 -8.5874E+000 -6.4917E-001 -6.4917E-001 -6.4917E-001  2.1274E-001  2.1274E-001  2.1274E-001
