     1.000000000
   8.083180000000000   0.000000000000000   0.000000000000000
   0.000000000000000   8.083180000000000   0.000000000000000
   0.000000000000000   0.000000000000000   8.083180000000000
   0.000000000000000   0.000000000000000   0.000000000000000
   0.000000000000000   0.000000000000000   0.000000000000000
   0.000000000000000   0.000000000000000   0.000000000000000
         32
   1.10000000000001e+00   0.991145900000000   0.002313400000000   0.013179900000000    0.00000    0.00000    0.00000   0.0   0.0   0.0   0.0   0.0   0.0   0.0   0.0
   1.10000000000002e+00   0.755225900000000   0.764098000000000   0.521032400000000    0.00000    0.00000    0.00000   0.0   0.0   0.0   0.0   0.0   0.0   0.0   0.0
   1.10000000000003e+00   0.003785900000000   0.752424600000000   0.756984900000000    0.00000    0.00000    0.00000   0.0   0.0   0.0   0.0   0.0   0.0   0.0   0.0
   1.10000000000004e+00   0.013327700000000   0.515495300000000   0.518484000000000    0.00000    0.00000    0.00000   0.0   0.0   0.0   0.0   0.0   0.0   0.0   0.0
   1.10000000000005e+00   0.756573100000000   0.007842000000000   0.757434700000000    0.00000    0.00000    0.00000   0.0   0.0   0.0   0.0   0.0   0.0   0.0   0.0
   1.10000000000006e+00   0.753739500000000   0.232394000000000   0.494539300000000    0.00000    0.00000    0.00000   0.0   0.0   0.0   0.0   0.0   0.0   0.0   0.0
   1.10000000000007e+00   0.002521600000000   0.250196800000000   0.739642000000000    0.00000    0.00000    0.00000   0.0   0.0   0.0   0.0   0.0   0.0   0.0   0.0
   1.10000000000008e+00   0.229935500000000   0.996194600000000   0.763902200000000    0.00000    0.00000    0.00000   0.0   0.0   0.0   0.0   0.0   0.0   0.0   0.0
   1.10000000000009e+00   0.016708300000000   0.993279700000000   0.488168500000000    0.00000    0.00000    0.00000   0.0   0.0   0.0   0.0   0.0   0.0   0.0   0.0
   1.10000000000010e+00   0.745776700000000   0.485731500000000   0.743967100000000    0.00000    0.00000    0.00000   0.0   0.0   0.0   0.0   0.0   0.0   0.0   0.0
   1.10000000000011e+00   0.745567300000000   0.744965600000000   0.990430100000000    0.00000    0.00000    0.00000   0.0   0.0   0.0   0.0   0.0   0.0   0.0   0.0
   1.10000000000012e+00   0.498592700000000   0.486722300000000   0.002162900000000    0.00000    0.00000    0.00000   0.0   0.0   0.0   0.0   0.0   0.0   0.0   0.0
   1.10000000000013e+00   0.492056600000000   0.731414800000000   0.749259800000000    0.00000    0.00000    0.00000   0.0   0.0   0.0   0.0   0.0   0.0   0.0   0.0
   1.10000000000014e+00   0.502294000000000   0.008927000000000   0.976886800000000    0.00000    0.00000    0.00000   0.0   0.0   0.0   0.0   0.0   0.0   0.0   0.0
   1.10000000000015e+00   0.259648400000000   0.743955900000000   0.000311500000000    0.00000    0.00000    0.00000   0.0   0.0   0.0   0.0   0.0   0.0   0.0   0.0
   1.10000000000016e+00   0.004606600000000   0.502279600000000   0.990287600000000    0.00000    0.00000    0.00000   0.0   0.0   0.0   0.0   0.0   0.0   0.0   0.0
   1.10000000000017e+00   0.248241900000000   0.259770700000000   0.986047000000000    0.00000    0.00000    0.00000   0.0   0.0   0.0   0.0   0.0   0.0   0.0   0.0
   1.10000000000018e+00   0.734180800000000   0.977663200000000   0.247777700000000    0.00000    0.00000    0.00000   0.0   0.0   0.0   0.0   0.0   0.0   0.0   0.0
   1.10000000000019e+00   0.754407600000000   0.252289500000000   0.009577300000000    0.00000    0.00000    0.00000   0.0   0.0   0.0   0.0   0.0   0.0   0.0   0.0
   1.10000000000020e+00   0.019228900000000   0.750118900000000   0.247284400000000    0.00000    0.00000    0.00000   0.0   0.0   0.0   0.0   0.0   0.0   0.0   0.0
   1.10000000000021e+00   0.262713400000000   0.007694800000000   0.230844500000000    0.00000    0.00000    0.00000   0.0   0.0   0.0   0.0   0.0   0.0   0.0   0.0
   1.10000000000022e+00   0.015508800000000   0.256377600000000   0.257440700000000    0.00000    0.00000    0.00000   0.0   0.0   0.0   0.0   0.0   0.0   0.0   0.0
   2.10000000000023e+00   0.751243600000000   0.515003400000000   0.275079300000000    0.00000    0.00000    0.00000   0.0   0.0   0.0   0.0   0.0   0.0   0.0   0.0
   2.10000000000024e+00   0.463550400000000   0.001270200000000   0.520311700000000    0.00000    0.00000    0.00000   0.0   0.0   0.0   0.0   0.0   0.0   0.0   0.0
   3.10000000000025e+00   0.493996900000000   0.498438900000000   0.498476500000000    0.00000    0.00000    0.00000   0.0   0.0   0.0   0.0   0.0   0.0   0.0   0.0
   3.10000000000026e+00   0.256609200000000   0.498406900000000   0.737621300000000    0.00000    0.00000    0.00000   0.0   0.0   0.0   0.0   0.0   0.0   0.0   0.0
   3.10000000000027e+00   0.254414800000000   0.501001100000000   0.253058000000000    0.00000    0.00000    0.00000   0.0   0.0   0.0   0.0   0.0   0.0   0.0   0.0
   3.10000000000028e+00   0.495507700000000   0.254131100000000   0.739867200000000    0.00000    0.00000    0.00000   0.0   0.0   0.0   0.0   0.0   0.0   0.0   0.0
   3.10000000000029e+00   0.491506800000000   0.253975200000000   0.253899200000000    0.00000    0.00000    0.00000   0.0   0.0   0.0   0.0   0.0   0.0   0.0   0.0
   3.10000000000030e+00   0.248678700000000   0.260266900000000   0.494232600000000    0.00000    0.00000    0.00000   0.0   0.0   0.0   0.0   0.0   0.0   0.0   0.0
   3.10000000000031e+00   0.250384700000000   0.741935400000000   0.495963300000000    0.00000    0.00000    0.00000   0.0   0.0   0.0   0.0   0.0   0.0   0.0   0.0
   3.10000000000032e+00   0.488320100000000   0.753421100000000   0.245845800000000    0.00000    0.00000    0.00000   0.0   0.0   0.0   0.0   0.0   0.0   0.0   0.0
