!
!  specorder:  Si 
!
   1.000  
   5.46906415000000e+00   0.00000000000000e+00   0.00000000000000e+00
   0.00000000000000e+00   5.46906415000000e+00   0.00000000000000e+00
   0.00000000000000e+00   0.00000000000000e+00   5.46906415000000e+00
 0.00000000 0.00000000 0.00000000
 0.00000000 0.00000000 0.00000000
 0.00000000 0.00000000 0.00000000
          8
  1.10000000000001   0.15999109   0.00228806   0.09787759 0.0 0.0 0.0  0.0 0.0  0.0 0.0 0.0 0.0 0.0 0.0
  1.10000000000002   0.39525739   0.24920367   0.34902261 0.0 0.0 0.0  0.0 0.0  0.0 0.0 0.0 0.0 0.0 0.0
  1.10000000000003   0.63071556   0.49879683   0.08083222 0.0 0.0 0.0  0.0 0.0  0.0 0.0 0.0 0.0 0.0 0.0
  1.10000000000004   0.89701951   0.75248971   0.33054660 0.0 0.0 0.0  0.0 0.0  0.0 0.0 0.0 0.0 0.0 0.0
  1.10000000000005   0.65655977   0.99710800   0.59249877 0.0 0.0 0.0  0.0 0.0  0.0 0.0 0.0 0.0 0.0 0.0
  1.10000000000006   0.89815044   0.25173063   0.84176943 0.0 0.0 0.0  0.0 0.0  0.0 0.0 0.0 0.0 0.0 0.0
  1.10000000000007   0.14377416   0.51728696   0.59681602 0.0 0.0 0.0  0.0 0.0  0.0 0.0 0.0 0.0 0.0 0.0
  1.10000000000008   0.40166359   0.76809037   0.83874088 0.0 0.0 0.0  0.0 0.0  0.0 0.0 0.0 0.0 0.0 0.0
